1000 201
348
608
514
663
844
715
642
77
792
833
57
718
629
908
734
106
160
221
227
704
260
645
149
446
701
40
429
238
876
435
596
126
798
545
246
593
672
44
897
171
381
212
601
703
78
798
531
526
521
524
297
603
707
705
508
199
745
653
373
79
934
155
844
207
341
327
899
250
436
875
889
336
949
122
383
611
561
172
775
483
366
888
371
739
79
506
189
459
276
143
983
120
424
776
260
968
611
649
867
352
577
665
906
383
502
905
338
163
312
578
113
764
470
531
421
558
484
749
175
452
417
534
936
268
370
48
844
639
492
494
801
172
531
286
19
39
867
854
88
908
533
113
493
789
978
262
769
257
53
8
868
378
827
883
686
485
652
750
273
926
179
737
4
647
98
599
38
840
937
242
280
119
590
528
802
597
432
755
298
2
125
182
959
278
446
454
954
786
244
610
402
940
755
37
714
79
723
1
772
696
868
37
907
894
612
876
464
682
61
331
347
137
224
295
398
798
864
585
907
555
674
846
897
643
860
102
363
422
509
854
367
897
292
841
555
976
830
475
579
19
501
307
643
286
76
860
839
526
907
488
326
143
665
462
371
821
680
853
68
181
230
118
701
780
769
154
599
517
839
779
56
154
567
42
682
897
545
172
955
47
874
960
677
540
298
706
965
235
331
283
668
462
53
377
842
135
82
889
173
950
748
436
353
751
833
162
26
64
619
474
344
453
982
755
407
300
257
876
218
117
470
995
347
987
149
1000
272
715
370
152
486
150
11
92
424
448
904
774
858
727
610
645
75
164
414
77
147
921
52
44
163
382
185
579
816
615
423
521
739
725
328
513
225
432
471
211
475
325
775
397
873
331
156
269
728
43
475
827
941
65
538
286
122
408
857
538
787
907
714
746
786
239
238
889
985
123
60
223
744
491
879
188
451
816
265
651
499
711
955
826
927
582
273
456
613
393
480
595
812
948
262
238
442
978
413
10
953
877
623
212
941
294
512
976
786
273
261
197
686
469
355
91
64
183
882
320
926
331
499
443
294
510
605
802
167
106
271
946
458
300
410
155
525
474
993
44
972
62
716
253
560
509
387
34
881
152
237
339
800
276
34
894
914
124
747
445
178
833
676
550
779
861
675
486
156
707
658
549
766
555
145
780
581
853
411
99
396
997
252
853
62
828
181
860
439
666
46
397
48
550
528
362
161
852
1
718
429
946
913
917
43
217
35
93
815
170
115
610
837
795
424
701
100
678
272
598
317
596
544
537
98
840
411
89
60
813
380
209
114
536
555
95
408
706
873
776
902
285
79
148
841
614
97
967
986
567
29
917
97
94
848
437
866
812
531
561
308
440
894
354
541
804
146
266
931
508
93
708
871
584
116
376
544
957
120
402
237
973
446
628
867
240
658
807
93
692
907
467
747
425
628
648
470
480
13
146
968
705
684
802
321
272
669
285
347
772
654
750
710
841
527
213
268
351
281
173
735
993
957
807
153
960
228
461
82
582
715
612
614
819
158
18
56
413
900
776
686
785
871
273
3
310
630
911
934
116
734
346
367
369
933
525
984
984
790
843
670
506
620
434
62
350
111
22
53
366
757
850
848
357
694
591
710
203
896
297
206
309
164
653
628
214
883
79
609
453
211
866
912
904
8
185
666
51
855
247
971
267
547
506
438
632
170
818
314
63
733
561
142
747
780
474
419
907
161
431
947
72
871
71
895
780
951
88
445
760
608
975
626
771
14
948
584
443
297
734
280
451
882
782
455
821
596
95
958
442
315
737
423
333
428
102
894
559
588
563
310
37
354
760
190
894
359
814
442
18
893
716
964
617
292
245
213
767
773
330
570
500
387
560
844
253
966
929
515
14
451
923
881
885
743
707
170
19
665
736
387
983
426
789
844
4
726
443
647
415
895
182
998
768
603
231
547
139
389
309
84
370
7
789
646
182
405
553
654
597
731
606
998
736
102
755
641
47
795
974
349
663
766
908
860
170
694
879
443
809
26
800
279
383
85
450
963
943
447
331
698
511
892
629
375
601
186
81
183
216
711
95
272
995
971
13
363
773
580
812
963
147
470
525
48
835
493
700
545
494
137
982
549
791
745
763
835
370
551
562
170
723
191
557
700
853
6
976
799
897
514
310
273
483
247
955
313
690
471
732
481
991
730
141
949
547
812
712
309
60
469
166
39
362
230
533
435
272
569
342
760
911
417
530
781
310
553
170
254
388
755
101
542
439
865
294
171
234
156
445
973
169
511
859
961
833
651
296
97
273
4
338
784
251
