80 1000
24
28
146
52
256
202
277
192
299
300
148
227
196
185
282
244
35
71
156
169
122
164
157
267
99
245
102
231
15
212
19
183
50
153
8
259
237
246
114
97
39
116
291
44
94
134
167
81
172
248
137
250
214
115
65
140
159
201
76
284
89
7
56
46
280
10
4
263
186
152
279
168
141
292
255
285
63
120
155
11
5884
643
12358
2902
3631
12113
3414
4035
1960
10061
8051
8182
1624
5873
5714
3212
1434
4060
7132
7604
2326
8894
10885
8063
7510
6806
11459
2756
321
5749
2772
2480
4497
4022
9014
11097
6728
3744
5354
2268
7620
8121
1484
7014
7191
7364
10534
10745
5897
587
10586
9082
5462
8877
4323
4743
7200
5450
1013
5463
10912
3717
11805
150
6845
11172
10254
10408
5044
12074
9896
2583
4195
4721
3656
11748
8045
9874
3042
7391
8617
4301
7428
1883
6547
11772
2923
3908
5690
4355
9904
2211
1321
9570
3498
3620
8619
4272
12199
7506
2003
460
9684
9217
12358
5337
56
8814
5964
2816
4797
10829
3682
7235
5392
10982
5092
11259
11905
9155
4047
11296
392
2702
8760
750
11272
8290
4068
3962
10218
1472
10422
2969
8501
5844
4741
3307
7607
8653
2905
1999
6681
6201
848
1921
3368
7035
9627
7341
5013
1729
4628
7966
4152
8638
3635
874
10205
9538
3575
4743
10996
10134
2356
11145
11417
9104
4912
10236
4961
7302
877
464
10270
6163
2231
2055
5550
5059
7912
8416
602
3697
12002
9198
766
8675
2837
6568
3928
12358
3233
2134
7440
8741
8666
159
12312
2107
8064
4759
5075
10289
1327
2342
2798
2197
4678
9281
7442
8183
11188
4762
419
10912
4958
1452
7361
1296
2072
12358
9873
2744
10278
7768
4458
4812
10759
4018
9887
9270
6429
3173
2130
7258
8889
11804
11317
3130
5636
2935
168
7859
5282
6471
579
3626
9883
3330
1035
8466
9175
1179
6253
4973
11006
7191
8758
4432
10410
9851
2615
7772
5723
7052
6552
11248
7242
2182
3477
11235
9159
1816
273
9339
585
555
7308
3238
9872
1171
4575
7739
689
8974
5854
10604
10894
819
2085
3198
10665
1941
8062
4212
5705
2530
9453
10368
6701
3127
2325
3601
6537
12076
5178
3007
12358
6033
11862
4723
4951
8538
2702
11190
7821
9219
6309
2406
11011
3707
12302
8444
6609
9999
9551
5984
9197
12103
7088
4036
9599
8559
365
10956
1364
5082
3153
6703
134
503
10594
8864
10807
7865
11542
4168
8
11964
5783
8724
9254
5463
9831
12245
5897
9727
9258
8311
4703
2881
5086
4190
3860
10950
11997
11125
4362
10606
858
2448
6731
1645
5780
4078
5015
2587
7738
5078
7929
5064
5800
4453
6921
8867
1162
9959
871
1753
4409
6262
4182
165
10877
4090
5456
8482
4113
2357
2467
5712
7879
167
11710
11860
8000
7615
8718
11695
3384
2299
543
1391
1683
7604
4375
8520
10068
4776
382
10645
172
3619
4182
10853
5873
8077
11779
10012
6781
4804
11800
7050
10136
6278
9983
6422
3847
1592
11120
1705
1648
4890
6324
9854
5344
1848
10149
11420
2185
1520
9827
10660
1629
11214
4865
6829
8428
10558
11630
692
1552
5856
11720
9771
7452
1835
4262
10431
6012
1103
11922
3155
7069
8976
5772
3018
8999
7603
11869
8091
3146
9006
10331
11348
544
8352
1874
12073
4928
11968
7456
6080
9473
11229
11495
7879
8133
7965
503
10077
4659
12264
8996
1737
3859
8195
1716
4537
1630
8737
5690
2114
3748
9631
3143
9326
3116
5429
11263
1343
9775
439
6111
2540
9762
4729
3132
6409
7829
5226
2704
4126
8819
2417
614
10971
3257
1500
2419
9218
154
11256
10138
1074
7365
6223
117
10817
835
7538
7339
8534
9304
8285
334
8404
7985
9158
6522
6419
4402
7476
10547
2636
4542
6861
3941
5262
1393
7859
11907
10734
243
4619
3696
1687
6493
1186
1536
863
8634
4288
10013
9472
8571
2608
8435
2348
8819
10709
4041
1032
1790
6587
10010
2810
1474
7671
6426
3587
4475
4330
9552
4107
6426
4073
11207
1217
6147
1785
3873
6741
8203
369
1891
8901
1651
199
2695
4552
3224
7330
3645
11074
5510
8128
8237
10165
1605
7898
412
5121
3564
8981
7904
8336
9317
5087
2852
3218
11192
11433
1625
394
2728
8534
3483
4917
2389
4271
1519
855
5756
3927
3144
2907
8820
3911
10649
2951
3222
7798
10568
6775
11018
9128
11972
578
1805
10181
897
10043
1489
11007
1102
154
692
1015
1774
238
6704
1827
8807
567
9702
10641
12173
4753
7924
8808
7932
84
666
6760
7216
8174
11231
1
3822
6356
10519
10439
3858
2791
9561
10039
10448
5356
8892
9855
12221
1220
800
3055
10314
1078
2829
6237
11441
5338
3096
6963
1520
9586
8236
355
9499
3413
19
5781
8861
9899
2191
10793
8702
11619
7793
10777
10583
4379
3797
9054
8325
7230
5903
2929
7968
10355
1287
2383
3861
8251
3311
2792
10413
5470
8428
7226
1957
7448
8250
1725
7079
5825
822
11900
9090
5632
5708
382
10611
1011
11116
272
2358
6104
675
4120
2211
10728
11370
8161
390
7937
7591
7536
6062
4343
4736
9121
11266
11534
3958
7824
10496
4040
3390
9305
413
11605
6377
9121
8941
4093
9378
9044
2985
6165
4609
55
11077
8220
3343
2891
2020
5144
7424
8256
5019
3950
2452
7934
8909
1897
8698
11725
4201
5788
8618
6980
11729
1247
6251
7305
10596
11117
4872
1695
10647
11278
10309
477
304
10424
4915
2693
3435
4647
5768
6428
6466
7104
10647
3955
5334
7867
9444
4359
6982
1750
8468
1717
9558
3094
1680
5686
5351
2673
6406
4206
11456
7257
3115
3345
11338
1710
3712
10328
8630
1257
7105
12313
5051
6744
6110
7683
5549
198
4930
11178
8768
9469
5500
3416
3853
2773
1367
8591
10135
3771
11749
11663
10243
10605
3249
9192
7735
11409
1553
10516
7506
3438
10903
4740
9790
4388
9798
11182
1696
6031
1893
12134
6914
3260
7330
4386
160
934
5959
434
3288
8892
7375
2302
1655
9228
4747
3428
12058
9801
3486
7628
8135
9871
3099
9682
7431
2870
3660
4960
8607
4370
3910
659
905
328
1393
8982
10540
6892
1065
4103
1247
11247
2455
8216
2880
3957
9553
2439
8688
879
7150
9827
4576
11595
3097
8155
2101
7264
963
2387
5982
8914
214
7570
6572
11183
12331
10160
11796
7184
3175
11953
5254
4356
12331
3564
