50
03785387661064580548846892398795939602992314537677
38775376304166851795891394541398343392529034726125
63243280142427365614608791005461975480893225344352
49350459357802768506020873138034795140733047149084
08538814186708049289756084178813296594647141761908
85382798384599151222529515324714124605028069815212
72565092337144265396460598817795943899605506742749
24216161812096499017953984955145101432539079720598
54648399859007374344932657777616030517934222059372
51663737409236590137446444053630463874465016120431
63994218843805679126252192573652182133877853629298
69418807325691016486359146068011415159313484180347
74500493337130444822009259688320768615523979744907
57088729674665618464494607496095320854366313472904
19836226826714472645546914128329144128918091583192
12256982444783346040441430165827083156456327711031
37750437333919217736643866979972112793122623700423
21843501040178586511739104706745833718170032759941
97799804250937850912564548154666519686457427827207
86566196025242304761956727915460372225648317475814
55044914507641703575239776652141440967964185089246
43538556522219132594329914419627160092810876142310
51620406445621817430748484666289664955236822518208
99917333343103334389284696464971680447908516782782
34405438339110976016254337682584197011837014921056
37816635679647422214972859465777613456789559365789
67663384672925241300701733364437330063059903816560
64912651324341838881152371504348767594047868155545
36566851320822624058805047555249157907066162376740
35569674119493796874771404850462701155740631324544
47203916668488815621182702733751359939279599190669
00201502523929705541011817888853490005956432457736
31097280479218462452823449144316498404284063819249
31798479853129884656336692602694431984281817256868
31067073100393525334355966678520047034255755651243
69233785856742336559812343590158820655735357228666
38560113291233953557627141894341110874122804199507
63815793065988203742628239897893798219699271332312
69878201976680882135485155383526722310191623343128
91404773338468258307524093263993080858138727587225
24230255038264267600757229669823408183227515346360
37538615330322651533043939681150435612025281132733
23802482860532072108424219132364072702395471094721
52098888344553024590758906640414356665087820958377
76426738883194180419198607122180730930749982384299
41453160565317154663324149849577916049064173479528
18483517207421681408438862574183054822751165803935
87140742373814274006379382919144311127485120755497
43657836015368914586105615921456045431930624124445
93855253952087167675433308360487755011139981642621
