100
0891241669925371499366705421430360534158159777456756574979705030542001349490956370646078343613804643
3199697177829892182643747585137318760781427118678444853197508295616115062178681687151311736680138791
3377257375813242191612595310254549865541163042239924998029833710907643107345660759652654981977864739
4218004905477467266156843792111927663040965155108315417804477774052830509440407702870804307550829241
4927048378772117444468468552686549551320360684453041537231065984606956827106195744009771498271412560
0797235129212582117094789686720692860486348741493853297658370977729554379955480923891264246316052979
8515374290809030311385729437096628466627924987379595701120330095626129066067290882343206539837852565
2560849938620260398254205729054806007179393870460965176277314735083108712298310664892776215716282231
8624432792173132471527427689878146313396885019773605741435331487325492485019159575667045653679243201
5220654583462930230251261958757240217272927145596914859982168057426831913757381301902264064679670596
1297813937761622707205863986424601904547914371363174480806269523342741268165808970725154718635062514
2813912547058608152651247906299603243744257104346527045783428307060104047155776490972581656083349614
8391791161396175694824765416637897235857573147834647853298234522631270820114399334843181869258953157
6499497104698987889586332150199778080443138509914841156266427549696379932628949408824854940396874857
6998409845026211876231998520748785461570400806824447398228889701361087038825803311976368999705072549
9934816939007974636459918101033171053843913684547014069833217669941906376475946001984107922583739970
2691333356959036108308749403103076653022903977000416918054664994343580603599449299641030778374305766
7785589284299620903985048495982599106832102102578825003078540410081477731622099101419318255516720129
5787075125406937182676157928845490638421760878171118504437740772788825449828506973324810084167481395
2639558075211475445563004217091584112451311796572384867902525637978941619707014326005119458791311691
2830666276736165035644522128861523839551862840668553645468949039324851571580553266935116352050708026
7689362803114847167752749008525730019738514311376472986204369576719806620846473667771561688463207528
3917517330382294781141395149381840986135558534475036005308742515703461704117494304075986771292953318
8687674417754779696078253106334325871327701329213096502996545106640625507305731071731056301633150563
4967356122161188794558188273857246137212350598000241033689536771929756856777234604628599521707511347
8441619451621682108943473941035840012540942455485675745995617335996876580550354943813219966934078318
3233350224969133621006996927278429328217486131034747799759162068970184477295187120099321196724083814
0848391924999994599300074985208355545502988852300871025241069806818532879654996444217084729889558005
7445438929128753950099328191801733368845975523810001434891484059612176546314818423103388753980835620
3361295607007471639433777133935177375751747855936252249386336195464816666580670007126505060739561796
5852544251652569397407418290012218720530587733374714996966602627885506402178637917668337688659786689
7496198071886831170763950916329627872701062385775161582707976696578416834945903879964055454763304389
1332380667815735937696704645458573246025126822460963652293543109096750136072214688026526389752163800
0090391524498312074013001143251648335579774177866859056047708912866833688948338933007763769555622152
1361647649787117252743304317113698701831233674619796091565290197875719427322377046245522155766592373
6297046523668594150440501838034861385594450882529391712602345794157017305263394042491229057081576897
9235435377276583644700311588884718906879705518360991614668886241233975158388971693061054057864182515
0906240369211987206713966640113284909041673843879104139268103471009014799947480745471795686336943161
6191442425517985381379808747325522323466492567478890909492041237880014951746286628846375368083391328
3168452760866872854347139598637186395529449702621345426112000851599934790830403493302646230222700348
5805036136761930020177803363573289595468592681575862671382592482422118133942676600875842872327227765
7899970938533583209169209479560669569877786523647793463180688113773205244476360898925188169363961497
8526090120203882001538586180961503631709731271210605363861793306698628149637636967964965305772322341
9815330146861520945311201133557202677072534976326336144740797403528832812352950474653745964626065528
5206685369606900714519067011080508553845735317274065818607161409879523179678311236782260338323591199
4819479253956417685335453969548564473115999694316014858567697691574264772888516952817826577421859365
0884289299928048313515134636977438930020773868992324319606272461479020620712612180545380296495224216
7148848306292756932026612830554989708597167127596306164832966993827700244972989356010329737831907984
0566307895219036258294752470272334162052216894001340114696253777195616228928029699754534225803508625
4571104480690659089565445053166911620466968141386024291729723023296721057708083493662805276400297660
5808897584911427925161850926457221515552537706256981691098512104046855761502474774867438030769881683
0318969262572906877413331337151226815026202504218494348398085272008131383897084173055291370102888713
8315779296810019865614539435699421676270236515304773867756146570547407003687499256949714967811892821
0131766466917396559430143629328572256865385603012716087623451339672413415486756181565209618847456509
2180913066533559231519420116039514257590048838907076767301094370601646982716887713858388059281150462
8893342800401056265277494391808191415139864631934751145211676023056432003143266548042886931757484359
8932931652439730789269251690565521491734801336444135522692689299666191362209464436722954937577463131
0119723207132171570901943971209273750078241817542654255356525522929548367996337142279456697657282648
5475956275353890834889132122190609373253141703197221197258978135682808137186050000079052003303552742
6961982069916601333813948006418780717790334982811633531179273166214560683063247707749170654945030090
7026951290973736241400142075762746557799312592221974545768627997056814202301783425325801233899350121
3184304581865559773739736647590286977492855651285747245739849038617512752782649221277787931255795591
8190373841640175404861937551930684620520682100027201133770687684738745217647295843864249238987501183
9304706259986817636317583157110740380792296495795458544498980653803040846213942963027591020007161724
2304259960174127215475220403490684930463348226040556997986024515530819853660028358234123317668274060
8821247033915270124599333939666376996772609139902744720540969570300223969772032934494028763603858225
8622922479929241076235948819812924781640987829873415090170243105469193655759933197798758178309987610
5639073549420038054665107681962754397083098758740277813504345281977027735125337510323818912259693850
5366847587732821119091070905570052570417599734270739587068196426674281067978682939594519937613632413
7972878418735764082989795108803329053583460655528849957648255713090371742634097844910409866096980219
3177070731420338281491498758642505085242761280977496794008529207186572439892976670646331843165177226
2378088128630310306585651069770016392070618683548351542144900840584482458495771336414574926570896855
2728598245019862481833236333167994181088211958209562924810036959938276282275211335133632363927557980
0127035344987350634909605497450660741336285462126201494633400286358703853986792101659553839640742140
5249937675138379559720927545968429544251669695675814116558055295411199499991691495893198278901485771
0731001596825220703951291739119967877399342049386115609906725830046785754066869563820262484614209953
2788824025648664294337392538835194774628431474189615233359498248593417510522002805419326581707786524
2775148917859802727344254505937878587419335504312418892747783986445941565967721526369852755526984454
3841272792037535382463400173653962413046349135412274131260079350958273958631235197013978925290512054
7805789087111831294358571459425063875500340374851172230207325483537891827726264177094899415148078219
4505439488618541162058973748775458105681098668096704907476029768081362576217066900487100015777615069
7739341380962096329962734953990383811756047717764824712391177330928586039572828672520217354319347347
2603359144283074523518222437882332781109999225997350809429634672271341816143755489803024422896555499
9401695422968152073487210176974142304412842713065826909794240661524625912397628658102882597319680508
2890443972759263433871782904336811706309356425300560645205824185163649508284714359497871352575254890
2747644087200291385817552400595852330313024865343290550579750688163041146697266037693266921580518058
9964490200881993584846446306975610373095665518992676497276906520575679770707593617953188580287765091
9638558107271118549711777506066576728591967843368955123068933200702068096148127002105485059974569763
1573228331244542346285079221606660450365179233108845675073246082888814880415580040158646905740381959
1240487253081050966644845915521010285560494440120682510144145365775636710999082281353640605669720992
1529465825316239306500846913331089896640341288557917835331676022835492455560369922553537796986884339
5070803315164506747995194422265119271671869459432286629132068805309857286356380281711586924217683024
0850652406133930490650087771659432083928543579178731656999150433669056585717956068271907119492683053
1060468709726186060334611473629661813292892379812205123372079491155718804716250966540929749004776047
2704716386039855630650644051870535896704583364130915867826221878175698063639076531185505516755734080
1495943823869562853133001629310973380178429698839183314941743852141939919411350821378603772513465105
3687313583404144918237785670733289429534236000623272711407906960312214153209983212754854915792276344
7955150175215218560993802596585047405910410011009711574089130837311802898424352699871603967763291751
3281607217761697050429418680011637206858441374096732669999033881469711796629450913424838921827049696
0218642986563495740654856240135370651301533000379726664166751675545882157788553380243576069858837065
