500
04445220074880669956337387287093476510744829581059402522177973341336187898886491921434235900696288796312420115447432698660055567667453411542630562827844169707656403574611685838000916024744770237208008270024742555509923395509310844083069737157674895554399739837562351290572042567107164369578476407609454232171757534812047726000634687053494599807449888760635566826586679127606422175018866405365446161590544709902943716203005705344733238460982791827393026166743065106096624533305552711182257713232431475
25956364178400500736116995452947221386788242694079330042942694618486774126450826453638015243789100029355195560905261173451394690639625617515100368668053421950434930179367964006329217935850984682528614089484135152735677437624279224934709836885403527220644825003936014480807603580914160309264008660283394733627940058270894842479903735303414140560967480378057509432326417343951954563887007005011741433813689833428395917650276624254561986019844319312719478219744368057007452542993758349034090529283746206
11797603546141095234579173868889245487468447108201411574747874692577289781963970503290098343295369365469985858681633585955165673821353577428331317974815050453788830239524334923088485388781695235493588080062600355097981129568161395471064388256009517890562020559568791278800456009367955082343629579652962517322451028751611418832071477645743808937335822982863813663944057502450059585322136723656522591865803220640444053632005861430225316154589287209157064870236399560099883416311057589928545445808367125
66119630360582289300078210060535864636195143173574482324897756165122230628785781900829158584148543439762350124080602513859311204617862621074166359830610522141583098580003297426211463288727243865803600996324981101028032915543488323192134003458325249601574551182392353671949471296973974572213433628658132089645200459554251438122039094035523336588312107097180284785394374417025896547994877603766455702476811078196479714805356473121464755040014936600489093419102621970889225528364763613449541353852530985
04929330681937151166531369371137894869126237845297097875788874658986696259809181275582100955629874726318082226563653170101828172117563132948266010896207692666962839230155589433043600499748503656091545515360855485935788001391582603980605716064913379809049465365315942218601052718042753492515573634736445056678660323447774402188481637337593077420479059205823508864511790450544716383271794977509269505107439059655439438070053160945510591991105291996317673820207097193836723272146988961073126934574343298
48606360684669648090636406258461216970418173794065609585369372917205362755573538901736090310858450237031889233658858478533171743694024594852688761593805928239514372611383814934504433411473426820809943683927702306682920092425671188219859736914578865552849663017330902366160329416801395778542731133838435814113905440906345737741408073590896539781488695471832547206870353199824678512812486990478476689271507894637206113715513457120052372964745498801546882178028867200589013254706098987821898881528901815
37194018192588887312050476729592840103401963678255692043812200025457628162678018888690989503479495005467876888926873764144518209259094293018375580884605301010459129572987525061074524539241574066454460518509936738427413147475699364082727272437767653220614237703487482363836355074418416863320820390668850817208071409724226744467350166289494004859170190835629312104959558390452360653758367291404093725207064508331191731756262218526825559544614236860213485463502546932927369459759502882230794689734565895
28385997530303258490128566644281588907194829909934822134456759609877749755446229389305334641515424642164094397930299962400791998289759017906404061915855487759579482363607221890708522920677093467561333701946701963050047721198670812366066062103597520695117984954610523436353024938199616648275598212971579832524941032172654794306440266830825098083305418627020816345281995232227117075028009988707222732072143044359070843422591209422587003048507457150598090848739252350959659399121537498521875867118658454
19873877927720343211427495944550240573002989831843095012553266861700680099065004355756187325966491061531704231402239415697226811494125010942455350005075956915134651846116413878790819598680041863421317124315867368040184288698438404961419362377621307844912492385294823588460578411277000528128473183997227238267167527983676032060294367941149792182776062649339124905327948310903632351172619477960797273839142271973306614453929903415863603118881966861298906216999226127173664189839026816401354406435207316
34266212475799513736360916646601926522756692077173293068917199846863936666536533868905938567339451139844339838684178137925652461185484933450232757333944751261988344627289775754485548781421937891572607128579616977949783294188244303941938123251503112450988257375205351550997883332709388689726907982109016628457694611794156195288344194243772936964536161148888147118029866087326834119015170787244469739628834049072223498473960821527480372583956795707447431308589033095182502266766028333193155744356177579
18921803002652909363514233582860864253212562007108176525064314409454312473667994734360560575544986047608580774745330686281366988814480925891270329008520983471040487927306116876217457760189397427044818367051421853820236719764452056479512679676778085518711935094219674871763076720150419676122773415857633007935626831034252289739054861963559171192779578445377427358142844173361364039176176610997895514798853697876628212182680398724008241627820995316866831308827126425649893481925965032685228501263661270
56781276158589340981051365240045111872143117630917761634217715785549949983392708128862934450218315958566909208975338562635722539541265282785230451675269977241363981931268147200557894195522657554156938100198225642765793546545692189362130762455144915554398486592538682623243374149832507824152492571717189854483183928232176658903876679026572977083531454432121763701204428927679129188189071494012531600248654909900084131470197391415172963416061725218359917341095241985996388340716632123764983463427545830
57875175537915837894917404207725199008398341852927388127218869951999139912332022136143006229148887856024100380754597440140926734271150317221492361253058397830847005252551138135051555247235624032041441684310895562930725316286055407930517228216824399435720163948353794133774759928632562681959326775621323103451879456488157653671530709231659555328637725227541336456703620938302118771049083474466101759690300865906200694979928198016512260116861530513596720045300028266664331191822245229747938024448214131
91791477446891532179195132701202479208916106369960585244244862753680414066823340974861783749220612337483253214921067863879342115998329697543265609984049969896665830077979712477970088871509777117241423629205060051096745279650263506226428306270235245052701805688482977587986077137679502307629967270053835273240575227083480346645217568528592474324833749006947903823144718274174250196303411215981139855250107433422623545308255261436793258519253987351521645716333878204448046020453915275001942434843428590
97372915509302755654013548913336745463422625751696428947963967202466389575399187697140156677701741786890946779317139351196451371746862981743122673521130020867262983711713472209442753476329939441918604936416995746933590355249107615099091351293152156401241359268239279885431648684466892358738565463837586893618451618331181975082758419945087201487502516844560453637693535589735437884673557938179226861196761162328422660046193687159421092650451750122118180197722108022400840307339274869994893749743465745
99515169676501750028090047682235553620359985635923926887629249013638282174015321800120973636879343344287198284617980457998861526687335302160985786805829952321305327631698534702683967834207249762732319095175407237446945674831141208953466705056323899282142624702160379717208420515357788173268914038220215369448998981328279253464721109385585446930028526154162956996304756790627466766827516362226232789001025637125457012416100413989700480400117256160401628151201387847232719025314270697096358819439532206
72856052131565316214758110351859670921356607664489747877809155136928917656082086673689801333131890740384809385234016432904823921905088703395144483137565124228179772714782641747791130765780135723937662655189681175307447549899887807074633144727966650656530821330886725377768503466816329080061896390226764168597381697972775226162899476734051168819763836067598217543897607474498642476743622621012018387656119690155948428092324333536669818873682540587346191855710833561028897692877216562825103453434174550
10594503830053035125899566089119005350702181783858375366401975381783263588423004485985985799288207721783554215149226977287294723419688595897537137665309407642737865707042883661684917221456408793481379473171643174088552302990636997500012550140671323781125716577371141959168092511533240169487203526222459233858734334512895490064278431083898924578895680723141887325258731302563287863387878428778570288660416756884042212533635616355905238803097014833098118238170214473684819733388258478536708990452464951
47822445939319274189598817852812107291173103917803410643181890286892708696137157381350891173391356306714819487781755833094550701102821615207783149410855932858385451600564261099085925210002823747211666016118120468797203183530311439045276520095185895569016972640910885312403929231453399078007305875228619665742460730109691580042633862932110174735744523838526143726307478713316002767033817940191347339059187125752568311439376125223479734116104826273121203627721297488669995611747076178447168352893326041
04984884930365575684510814401161609765077617997754237204327823969864870330319333354438696150087945089681534913470949565474948882035836402588405267766873022645187916413364308767375436263676359853405196731837540713488598316897153180860130755990969357972311808504144977839631587913817850450113614228731983366747476355002706025457952026812903803418818926592803994983228435577616213920969414846508769346947464849065781075539613150205640227705019897277766258003714905447745879458198016165720737935444367001
43960534045470263673569125717266466897372908468286707254596029407678620311069531803888459044788403991451447024093438345856725912439447313568814693039716564997242570460837387417360228968518983745558184458881451231299447449784060343921902167139137772676534998793671602757457371333609446315364956377559763317254670568956679397570376753400886652125148220644086559887931448689138838417399000950507008846128581941060508140947817522861853315410221414885550693097274745047898637365624043305643514694919348453
08968711389126372066889186559712947090201090310271983920993452934852619188593484237779971953437122984634996872076778960704520849436579108618729575693439186745459721270442351658266205202824596724703618336777600450350717934875397379790995594631407418316716127490252378127199170797456904711015605782702285192363905872454882949513588623124416272764661603763781009426921085319233225836634872624627343657319661050031161669900583494997348218417273026281271282382540355467763235372798675777912234345830013617
90173211809050068329260148327185769747022937351096185135069798818889866820102780199338575060993185452377845727009436020401651920576088037747808992777910621531795835869216958721622428234502531898851399171841441619164611178081892621333983470305045263997727915884926006932108270341882173602974213598284418242294984819885333475212193954594322906820442969563071811876287738403811801674816178046085601412564996961745567324262741964899146842688503556038710556709156898435897433767792236728480364025626637952
30621660810170465109836594178169805359898802046395380195820537886399643938861524613333486531745057085072160982696869030805317109908176561632832647646441476413615015034782596807962922322322253659313003314693526999702203566900263447260400072303222782708197434328023524892369310727479938474641145915921817690086512997638763566202926880485357148618588617353919514582556135615066842434170363510642269241061750718867654544784264328870918209965579029850972590665857614872753038470918425569832296722883935567
19483328956939726943296928483500003745151813180663368977727840507436105903845682845680751557236394415784715848819978800770532441961621791854853924134429058586476012365006972641142927603420523381713336275562595281624538870122567423632541331783797433129227856445979200467735829124567622743198696970282954752850859762707530206946475996459313936150532704875760200823352601314226554270932222865093965795143929702032075963003767390906355665552252429777809121316985472646681818724575736877258792801892627373
83614901939838772731711770777937532022917687834372279706372456443833272314076315397595918289301937832611930013254355978652488261335563478887609787385675846807216271749400343147502026581851819620424005973924118606180834688075379212854437064334032953964034655548935549756209716483262412380681171623208080352789498696778765749787416897849722096396023292925182820988707901074030024978295889167336653570839195876053841505798723669426027841420449106257430442229805710009132333400097854412948220751644044341
60819311531104055598022345292791733780362355933936134819456326141076138634168410348618186783541541665453525223451650848530150861381942249200183579215493646241235185774512838772467223755418374336612926105164113862973604973356334723884338106673616799139329011538005338889949393912784167308854326366151538804938023636049855878401688406123562078580538496241775331815701026651209237055672151194466614716938479653971850875458961031084883355862088409636385440634325278211646708296137387566495397835253234289
44241601692021594640857462228966478416174588094949686230223918625751402946454838602242104800344792594132823177776001727825328353708656651470357736362564524981751960444226878578842841790777666855892545968174896101634753079811175911015701138448320831147936642637758238820265623771325533848562112445421753862812385270826088116503268340915648391677874980803109685035855269917982936963933972244774076084500847301360617430410362196292701303773128473020303211423288032557820934997788152212557113995784312677
18829032756162584759992804325808071380355554499780865096485431624254179249836874690816828276378743450386517369512597279563702701187909528141743385721586793945251002003563703042015417071093794990966772405011553283504044138039833014811701842911044648162798123290505489614958538628136814925679127154335353929196807898772286999676436627868874787654165691937648824073754776537014549595760785894165406198092462103405635892949542762846093283553191929029898648796379211138176965671547539924262493055697918272
06407997514314369167322400284645208876848289189918000515704112012411957074494680956786504164420337522783396670833810274569457732059228966269211278422433234840061148164508788251399720217737209202815887773735527113785436585522991305408383797321991161364171679763992572365848718746658126786563238048926746837408052068945567522266227794909778468048762871396668293088312672974656722510263021043356089606218162943409733806467002157550233850509117696575266766861893209226356899859449168148894046711511810011
79604691679227844196012505432870215305409776008929864505271810807353438011092357760532074866408289809365562219098270762660310220152560722848943450436676675155591985450618617319953179324900191296588459880783813347445490828480284866204446464475258162035615013454204786184861475606264448318486325423003675896368760855774640800438488762301725726395882526112810680674637289536404290727873719166955498904057834135313262704965663580082743589950540624110960083249222388844085416110794407691361067908295964453
84153802385169379325147223264281676089840308403337379718421816163085448973558153701334914092729488320613509816523611262101542821243721839650718536279968158074745240611821793083005206423435589060534449718720608163487779810807515366495381189454944524967183779786415343965058513158040136397413889988383471994652533385752312653896532337640281927538456349646115120297434065887043203129465968435531477901879861054050760434020070943086672865089770315232346211946077096375902726199808752073122115722760161782
92537159853777082676643537765652366176513539846461312533699116904999629508084501622352836032652269969319643306527289880248841430280637723448587322630554986241271899683236379090645654819516722428423164286123051605578926365969800649109473807304457490988352332828215292257218834153242634413655406419302254115865638437777764211610741679319693930613883056194245616834105533303461226155182818831642870996002119719991669403439430287858708568173757865779477692195097883162307841528566069682220096229457660458
48343039015951520180105485098146275114159875638598453175840053661954319705478575859854302211453508157880030930407441154629945056913358893386384632065218962236378815289890208247422932320253475614407494695983302087969735392509846460341046568967704966487227832958043545333301110570698412030219638160873946784558570024142991994194707605371471638390969355309845376799288532273819406631589282570189394693938458545737372435702157155739240040999158768240518677683702422446290521824780196384371693773780694994
38766232924256017639553182836563633268835094215023306534351244685866854510680166598150001764872698083507607342950822747872320991337824326333700310351157761083542595324523644322838673301811584179921726393162721888212314045703172618678246656476391407383879604852010956513145737883424698270867192209599178882937138518053886008824877114592553971445901232606158481443823854214589185835352342365974134600790620118147837811898578642270240022104099283134526073297764565454241581107901199221193631218355595604
64146722788543587505950648592533794141373947764773659608763429719606234076579516332608900431685514145750928697008232395154574322292308493534612000284114266347392495204814087549831309920138760688480746068203563940160566311323829492481491888357600893713450551401969776623686334154746921506249203168410981866052987457844767821015033682635737003317203497042274452899727468715118645108483183857046747813923048389000388866939818565325392600065487510027078880589050389088351136536604488767017109037136811432
95912048160570597830192623747007065041114359023599031592136653940509395477391280152003040296838220979879213991410681853384449683632169932623154954636543536612459128157656396580839687967135681011265345140246676674151095158403807442011454661309359739916287464554628763937942956389750497169814762070751202100845587015891489985128767540363867641181226235186128193437210565120727475898309084680930691743817761883905251384581076513487567819913518835144062990016063481380548311765810960716752950157074276745
69465617990943829919618059949385774404856399394404372588723504559692770490577291327313376625189343156334561107041444458385592076009045161111801243954243740089875474737220165421391878504113000817652778481669843384798230144411253230411266542198346029549014805138129861420701391340951793626892559684559399484980154819895216200933572896414413577532722143732160426204542947405153158983658944712774930270537983757712279217888716527514916650642361636580514397758693307254596152947974404843752415127835370966
92289774638267598179707820716743027840639800733753185106620981696931417808890641551741626826026642568391876060990977745464343931436002462856429261465219649781406454938982944925371509841509522601760991882442301538960363968603042790791438586843839100049590216672083549247843492807486799515892456265658418981445007617060623476272503607907636666298079320042694970514071945531003267892055445238717945516731056570034220221320598080918409024827834431408914775310743357787601377692874119911875056705548238049
51511467296858182192719455514696935002247938323263285272117406758020842898137000592087739815496063132914776634802251184758881333862189720541137395763045640366434291988708560887226307565698699678590194547649472331928494166713006291787187329237606394859644112854330141956272246980639324739166575534306080333883232929826854350582812363725177217752097476450314205225122168768333704651954011887611131784959615318076413662957744699332452637028895328315985148730359808034241633710698483354119099248732320467
84911994024087966401549289509027002999320918550759436442736656336023898596582525157784199420228067260181958324197568490323428494941067380313502514291621953465135188020886831403537167503494417219673042856607536843653680421797664443083161345738516590346935395360267582174670798993489671340189364071725483008327860643186409810394490618809111869659369738266350236783649199837333189090250585458821827184007901681911881070313162494341799800516708740597056143389928237272931311334107656140715252258660042101
32274237135959659359002711007173731683404285377914213908830427685076157701202960105437105814405657705616144589217844075412125482175608437670577288046707325756087158409989618320577895470247474245935628537881569793747481744035578332591608213511725436470782685830492524023484743916054430147706703840337000395288772175449734245670280983001981930936857520262646634217381759301737689572095510732659957982093257772257962317558142044968158741482273152891251846438518676754441992704082333975268244880699788349
85989071633392678123304486745065531079843609341829139259868821429607159991336658532451239521137930316326930390670657786535367848899053856462169751110376724551383139352224076262621832380111371852243940897375789431225492170147299432480385800378081106955608423095325000962652292860282128363822232286534432019311882220418761488992109122650693810059447098116062247653954847251794308100839932749304868819873163809639017382169183671403421634970459264763653616397562429331124252208093617308948455441057746766
95944027383044821241628137186179634152941301704178717956322011097601517538789514053458073246082346086907313321385569978669209229610465119304610449017554831203670476936590460080926732128865556365649450670316736914996217211040579276286260087154805739721007792381801150410587503210490912962581454692240891677391512506983641550152113356517375122986615932814592089870977915144219183814465738523929549587760123846444361992123920543335681616630863201111006363111192928163073204636371431421138497343113805676
28892024139954975757405572767462861594661590972012379197894658781134521952219244548823458258972520879256809187859379454836371044594946217508062589634245307257130474124800604158164926352626120455749432819406270535357566532170473421993453224133572430413431013856595479783105592672541577655768222565344070106541212742615834312948411673890659755452468695062536609650740591142252392104403760490552410692824159702506890431428010777059167748431544549106000908501191576835557524692589245441921517708363733772
96654024579829203296498115094519390398039969129966608105944605925617374070679941486857014359304333200495627656936672799762868217620631537087422570333770307087132122276187208190229966150814782964124040459105422160650642417583117248266289392630475680981886912480602997936887413572017591745146025515347560309725438373665100969230198567894437318839137831431019083399542217439446989607148306248833751445343263948093698885822081883486696578139031383853739673927568854818191534692319714390606984942879301279
27342020092302166510769658811196839254680185004224419577043823470015025104294288788891731079776387216652604554273718697179602783117754302770523052155869560584032445464044005407398086747575576759875726514339421871566757630813090277908555100172154006621573182696376684397058298529587485185121236003698835283956449058774064735886652503037942051026411128683784905497865245254161531144148147160724541316243258127380544511140371071864338833140418337660600458029271325097409681692615992312898825431009557433
28119977424238373100603538144543012834866584837022554597899930755973526533008934505472812538690609948225456000305004679553766890330634664043457721037039220489536737776845117254541776419976932814951325608488949049021387424642444378621407224084694214239632107675509322593396276797284702542071139617247003063419272725098130765166484834104092146539875807687626752498074681268249438930799159941319428111586313335546997160319937558115863942055037021632767470325340826660757454544195681486021237798224517568
04716178896397840493290007228313999219756806120741258523475517745643599948329608209212734142664308035455581637731537208358350533843870665513332829721070658128638053373720536020068005284037316360751676474057113125690749002021932114184421778609092973638055468441262454051095722107321793205800451669410005476842045361932784003761338607976525715611127863220858161461926754274976541375026349538387832408059253235074561853087632422349007659830403680390700024928083923953153426150252458190107028553214515190
23199050213340925603564428248358517272087142306478157058856271530819780893119422392223257348751425706230407769133301097287833597412924051896578753551001889781621521728002758674535030122762211634995514270788161329929566991642995600873694321988893668477200600729394247527604020729745356055633342082791166285524469913801946308189496108174415684602008168135893354293137644417014679860077256892697373407715325299422092629340935523910048593000189950126213471625575694020728016535212327929994455424024823859
68565402684746448951522451004596716993206275762123402714086695186737167599863045935138665987499011891773199620883119260916283274982113270865818553357940677245746893923080823905720991247432337424193589272882091859427333618741903813146007152476096250165272325208281642645161179911525450594997984832351763082264903482702041442765488948888025444113067178221796359302910635822717624519729315978476488756893421704601934567298175641351532797503038461299588982239959113422266036271023891193047667242860078041
79118719727184469634396482043892203453574969055768592090790113814536525664412363202073138455468823816644283936970078790152998894340440327088253804916518366770054469837747297346816281293407621304271310841726637936217477710734719160064251288394613752824908211577094254340756893598170452461806463747555324625410898060342207804523985308357076775270955783518794661224423511763599325595148240235021529519366517500418967619785720193720505538241768347000163030528643487084428840562539752426520124204062816543
64495039395328175514803637580901301190611974276214956803909098423239425754226392980803042621683051452798889452078745665803440122621456670769255821778932745205428667844654759876724190829245791800264977732918813405707665925746984081816276001488802960773705839276158803683965488643823489008544299039813946554637728057205516148523066451354556974936791613875916767581011975365986393980373292145313436288160982735325110728330968819546819158541064646028839579761337491928328520146743465326931772278007997342
07403787656124501910933436271376257802541881893558548095891311373199044717688295867117331664764508628897683598440399930888966713584336834856843915178327872786534102373696886019508605614736466360834704982418672936192856935905875884777247102296371273686427226981012340755269090892380623015054230699938481691468319626414683826850992187289454833373605288639835907158585861519713823043652559011727623599253843003064042097735820677181981222254920725859929513926554341657688636316894759594689286338836166035
06606169710857966337812905072855064458226455489738985061121495868717746541631930901106432618522583115568840520935188110910567141063430471589927195269065866969074701830585440675328887863116241327360957414008411078439947885232933674953424382623842061462912336862450238107642086698776185779713373372941922660014729376343680330444226325411281514555116971476481316151529061645619306843260145904582153603836362549147430370928780447746245703669047903031466119097286844409992275297377458571657733579325089631
83614894097474295591763660022182361157425748749675021709595438463622349813569993013285057547613455772066783059887956581530971976853683108959347818254868388514836425395390210440447587271165837514134812281259411414049620272401965045164753429373705975165253604740734777241717861830312163571431942483703696771663435050124485600873636032456474793265269509401154947003786577277572515791535313024297311464918374882820149223185735023889666821715765405678031304800910744566546012649645618608473504919497788170
15770713927939889491943425757267825889316234890562154247121280460953589025009972003240697724715663957961935150772410251148638418547172001575763704987769902936292114610831892133612722965793099191383003816237883207498467183162012617205216059955292807385487425305709909999802330922646924769740504710333098467998890873415197067566201997550676813043884720256213101486556458336132506369447009344291757774963046371038330955630253817024405489740107115764855820570890273285048089404175500349664827005426277451
31043785487798487577038708921790068466295766210692054451039066137032338559959701322131042226343275271543170372998090966782054677161892108337833758796480387410729280751812563429388043166801679948077747153417119061753708219592446545106717029169470554466057109525914889402848335614564855704432306739949703521952185884247103376613572629699363002851515037983047714218953743830103184285700068248958771852390925315853910230735285418036935021594716124350875202946690290684316011468026703474690243467684726765
80830413037612100413966308378321644462883702734730544605314924018162420593849909665818863471314140266868557688839221744049641526485732688921715371507249906713106467569269154669673638295669488234590258810058043324632596034099861606804750681781074860662962718718309974828027544243428268628980584620358898201652866017771981153919029118334036735679367814668629882960024568267056396918730033073737950355565003102104352131209227932806015654457661111617018358241271929180236492177047428197044825409522407130
78583072411295910419221728244081331787717697789678789404133499252596032516476182252763935130474987466600921968920783802517059823353540420686249275727319840995586620828346813328299864331315323751929572744526680974009147218934785410673654767742928938906418464451634770134657723895801053531580671206581014743347701569189866452332391437934624333112167091252951722692237428873164265406173704590050921962458593073370845278268918196436082518564123958920804805610050183480139133328250229439148115705980304003
10073418840778816768605146911059257886940108286526912716462115859884208358777262499489712691286542004713671424592324612140356149583824444501687627306171772100348500124963495017247780790883504168308270498726535241725835200773464248529311029524354118536334108490680292689951284410338231098659736673113136333663178928270350333622748056628393823065846666698616313364993849414927538288850141196740597993264318439352715469284269716592799908894575836932635674765264837894411418393971825846522597860303919019
96950432710456388105786277646448261722730589561960628400859388076837065474637057903637110633081889217639555897484495081005975337438777592053159830011913850441338383928579121439881051141777170468627371426974001960116598483005039068330261446573825350892501639149515760446193729879109919206833616419117555050463340588660445089781602020379468851125393349970334260539713335293308864028931749687361532887668046955974535557940930634010159296490909093990142149204713209074783124507622222605347728245362090817
95922394746247419232452618772791200402601090938344630825512336916755192682219589042386189322477032252404685179286287086221497270263085853098329337838055102799959782765036179012536799485140377430734801289505838989163141200669610695470942106769136936792108351407980604021818319235347758076936823289441469512691355830291329900619923563033361761979895345950523802444359672964180412145564041396568463179554523529522516078771457956229427266171501060632492473673022365803154213617426331904325716152156505534
18603268436649118094245884822306557720454696792566605460847226492554526692733939061244431753046867322471144338181552190432161085135449358732845059014043612912589365372619804544270414635489509052133217150265966458454427150525057291375988630757768071209004357233121251309438987689481081792477715142114461311503701597598619114577049039582819177321109132347197674426851393098240637074786180986969312996716748555315900505950147583238627458229169877794478340220870777534876661240631578656839526267995352252
75101377509733822459145372909430074794039619063236253746524188570180152272667632521975415996971678802341355934509714358071800009529433644630256920210288226099746427638545916406722446273430415780232886065730026903461687864128984009296206522253869464412848962086178367217855951080617456815333527433007152000420252351955119247641485148675318585394323397362728963408519609964395235762159203593877807521332284939463791255670233169819211168729434421001415810199861546465241245332176298098276735057697355042
56671938874387307717215016324682178356051418859800493274466390778340134304620948075414075507726858238244348615060979597943750955967389690779272522177115329520551591646640072869985047558200748296803507247472322545545983132100555417883272216666982315969111429985039588027603405128511571209988409949837301771652897770085163597926252000926119283762095127219050285048683564871963219795077307548720713122778709986113963768718534142224488780155180278084152651642360794143248655769920121014761010241778965077
45032195163393514322069540459255459223776187079858835521416331099376962881266949508708175888068714365616944821502334795629487781105341806435258670947290119454482864009058532238877332473065897171450143603919321106504940259352166566705977350179210349988500902687696139528934820119799123988355360879028397980593498742488624221263723658394141067403932613774965276248709965786312684778471212144255973906214076400404975594836146847170093954926873888873413361025575857894984283430557754546072228034001875636
80141165959388691267604129275699395959824968291807514276748277179793072698549866565191443107456843490268472574934244743234147558733592520207922671974186090340053763255392905592047319316511868139484128077425575628025453043262220274591929532149883067663757856791797662859431109641635294912036173840098653176380005689483557638408649594000367213002091332853246461537048595373779222253250584758614967369267734895970465403830736288813835009852616955656330432325738691510071418755844783407928253364744822984
43453771119112432727546383672401760120405887808997045371490799135131013414431042609161535954189766137017053289129422672479628669209233197886562478758025221182171856280391680698046620486134922382909935738207040291835745577387864317385047225936764718235874319022445114849007450440590782175521517944649060959344246904530037485719246404989636929780360246637944291422375546203285476001455320440529575604374104257176539003026890554446319526003184217334734591825485284310221015180333013574665545136986171694
61154386451709577233176317584755414618246876559650226147706818063264612751864716693383786067644160577010990202072308247560114865155902159354819299447907297216825252455631367299459758064326626992900749451182843812011427768374486411378562794168626473615147247729334483452588130396603815320613000189118284318227176828877871180002438057058194616347527993895781371402895846995942004107610313054314718754492122814006153278624421273672945787377913905646792723365969567338049959004474986180412523745561745027
48954405383989052271803750760272982462578547913867055201971231057851646213767407599748141248260830541295364174304121740873403793365130765017235362491160446444696001575503386804709130233766085265777518395904501660477424160018965572607382760298352296583249182476892859758112315241105707545212221836208081414069687108338113829850731297678694195418870966546819854995267377244454843803810611983202734205100163124483128210700776549366183822129747288306983414682136460809305829698292474411091768530887346200
25271749808337016748751942186152886354496764488887697176962346891710306212570721434069760737184172727288910488943340650122368609602988629263189486943289196386148469124852265903409729200042126432665638630363749015859998219341929859460117141732886793140913082101956714327318025369110187896499780383601461733114047591211535760598587773164643332674639794457101229385175653176536291808962601496017196642145728221438083065913467173115806827532945379519658996062669705075640873376677847681433415161438002703
38984374394810934335406333535516949891357210133398276236268494474763100493485259673505213720318648584070989409063048737717899866433673711331114420174357710674217917743037995054113100163730282913663795564968400383886675296824437362812790465662031817943625683064362406288541191176349272809541915245310590777340449265128128991290448950206310492990378811894890400964016355497365536586476516137999231430693893611850583049504003275261997179603459034201705965934233158662778736896333253562387376108738616375
55379019372331354731359337860521575878587383080784393209495157562798662100774087029657111244521106574995234717598285007120733241825650020169602365114239391848153406006143744478538012843659637071108997457240846882687097898224043377932921906447520828822874794772690481775261923660720248946283836932597644549730892620798965634160590819690908474752999032605746203635124361078604525038500399196218766067777366678985050519175284404773431718495694674802493194579885802745906922045777875055331694440150018006
19113604119438648675081969455930947202232091883326055423489663783329102017162053696190568745458592887668269446760106512424918527006451622548753517325388863686722757052900311652090153475357077665601302040949313699591882050467209358904869113969226924756495664101654317443081240341488415834105018984970891856686382918373498135435695172664589846128401090369353735665556900372561635733772046967959211372825866686655391331018528644899340429274458620017021231239118939442488469686090657704268105885928481899
42955428576730459519937095872599366169868440911615980604969531050784975732540254885859554863932907904273510518291745630478756557746295962002292748824275542206635157536740709460092232914922405004710376402065908360967905272016216610515218026895947944141918513007090436118571924560875845549550178582118555708782212534682398163618478794587418151133814039846244068693719256565912086646203796956066417964753450954000150438740129744080696760811190214621611991411998174641356387774801927633484250943869244279
56982555359591601091016580334770347173554393698249103512359702095106165936759343178809598783108918569031888899516183278652522222733689641320175449531398723749631839547346799507287315920888248270667917085977408415093071311767739319800154161354783793546414793592944601773282153127649223770488918821291901159177137908856399473981897718968841981943532068765765892067853446646451673212814828638125195075954430793847878756136725844142694106115034406647904601331195940335528664870287184986205532536339435976
26800231122934045181791231637010779963673022845409494097026568965984080162335072860984431491911596317283742512953393332502853890850185761692564412813728126647721377096983740477044725711660093092845600204851915652948303922947007029129744428139105229076314138649240046182646482583227834055616369698522783581182450247717354836916779243931156506274406739096720630290471781634454380825407710790602665010336230252740951544800138163687906509590438631325495334526845914897222460721194490860611811531328186547
00873669331997511162546326262417741757293439799666890736405196651790345443329318961789263958191866240716203288567588291819614695835117502099690603991348728653310523975444900245840300044244507885192846731080745111130943809438912148531956482925355266773457330102763801536904661224849452118957838395673414141506297729283599932239011949825520124981995549783349864861178087937734599005998740991845803847638145893058663359816294605052584756647779921940943719641286652109551140165615018380765848350677846189
21385460972161989147827582993670854450888668314632049894824125882171580543874525891866630402987741950584090759776807792531810710709744684996132023199748145024172011103386840179773620204588757977076166345540754472317780825586068320961232240871044967422478782340721565816463338750195025155329112767970491578962262929132468704368871826677933916641665488879089216600421583529059859385132857471967930283778359912481890708246271026131105270294085232727181023400998645115631931762753958754164959189241593030
57393712748235435760590100672912908668712194494795971742869515182311747915966118309361256815408669619282846954365358667991437865285205227535551229052338086659777281825795602753696508968710875605813507183296796883594841911348018682286472205139415185387586941145454301620752307335748340848953531533824271145053903581691772304949706855899682584620993695809672026171177452276330667131825306714075004973968135515710053304305681371136749410173119293559929058963994551925425147287031396600849274841207346504
79729702019005583527997974181449222357223695117690471838382549522492706231249805130148838965346668570256314393803777281812062002807882553631219579657333537611997810644551647446405161665014193780525260325711347083716936309171952805932474825798294914598336007867100709773066281750683251316405955413001559350988911641421366669452489940738956581708240337276144397003295361302398467442333137534957096166334814926059757509725038276105138598046436682085178024326277137249108343393285529181032304666463818266
75299594362530723789270269448648522637976886972456779741610950888828933954646682025882583392000907248984046010785085999934540977342222145743523695566415925998278315382956304767138550531689750163292071908346492838127135282098668416311503522619736146203171982723604291562418530218916634635726043292807254358537057407873279294010715561704295396006049900098286797690482375356970590206930353582311001871216043677401315854953231557342314749360253764567011076713098140472950472368149828380868397087592939142
44097893228146130873400436108816502148754220971093123441868185672084170979572218603678346351215532865036309652995930314177812008003514767471941215051977610915265016065530832499005271001319078088625501478593972458490204274106929756309326423177352911252565636758114314120412249781751867471620033040316710343370481995574179187225486079552659115622603160903191912567439778561605088444765629137557913356075322245141713301408403550867786914284469308305827053708748006971410970487300527890920057852373614528
42318807230082571173664837266896811144265123686943182431703552281430043685849310099814574506885932212367365515869626486494069707103550559773958812952718784737663368594812183420227115733677570455734539001635262520903174918502090538762224197044286852071756011254410310993584332648367172188397588283666008317700630304328473000069585690297555358699210688764675279585059266645700708796090652179135763356682122344745306079403185846856339332065184092129933374596134816439953011754860387954355456947985176696
03034996320886863830047031037939918229073830880890189269953568140168942113320071206738040370364360707782061630444226565329356911751521036670107600900132876137918598256665412188160762744153270529596779903546608666510166290431363661158516071856751866334485167129734069965974496340952690884192917247302332618165866159545205761299414167499896120131990385041682529126106196898560175609793335463734211221696368442688452935520915310869650348528435518547395922758822053703895396650285722013246963472112327673
26286156925036624928545731546542573012542406383798254909309597579292934859207101446183472887421795732370731372545898437418031142146376501779422774629489606722558573396969736006539956980020622536172955192371131959413834375442045990955660874927448326866869630616553922959445409049031370245846643483537540327056359361956612429154440300979520917463334831163266702834198254714913238039320563706899678694912277504715095665234742147479831677249427682084680035711402042678447519982970422446937189624379554975
37094989204209454849273832402257370448778057654007484031207565396081500806907862927766901697555546084995948198143398335573752978657354925643938570540725949126418702855543758859278965424430309817689744400285012571459409878401773431136168273462287026642007887473548482064514180610593619848683521953774953895793703734547538929448807286721221274091509044611079804096564835399057303918663816163461273736643926784358927066902859175900520246569183922929854572457279765318585914756168356001652722509829358396
65113582521289123664272888636177601466248130733945511066342747169401055847042978713617989229670266462572302801779314129438285424068744622684953675842056975835352063869440556433770682576928934545918899535640569322003962042191843774757719298288077315067766171751301121278997716023172837034448822097660916745834149314072162731361421682939081322869015262339639195506152130666563495907927693028992486552423603168841029221496724151613527673222665445932367130159341242776814838585005737517730593544534625322
13671765057763285600393299565682537999998389545998918047083352867067957686783405608647232213427047577596867256309349198489162433523288082628392165855207326282041949537685652601824196722825138293605995579732576536496339152383201696114441741823762952082097702214214789419726924277262578774470870467489206938228308179407804018084476671893443024970560707385440824289871852222126374962636252625852679104519638338070020843203448735412480393528690326872224013143267913847452043240665488260091794597634822207
78925807478270413419274503283760393111485853581471692836464613845517043093622302600246936560739979497512172678389331193681504171638952951021482918815531894639678032740546307529852415793368080075346045841909721845148898586257390867376747188544400819362800069909928742632193242817908671667059947896495322917122135527589129933124896630693299920832076104776499936419608449336822617973626752784918526644950201944079318952323645460257777611568752808642895873285674855690965258447447950610150732499554831026
43277732343374342891536834095050229779018195793644101639504162851008495731239693049182533789900414143777142079717492586149700327928794244120557540878681776857815228326949887466291751636553607475828095968865954863726988185830347104259006248056312055341298922113822114740649274004707631870803882284639083874070715364967184567196443932245705048334594701447244148996315261528897032424739886539253539006481127036334273694375132878382371769696096683927969832054634255004820712299111250890273219017965286355
05210685898248711274928108071760506437291645616767455288282478128035636795336132771499072923145067767463161702176355104430872160686899632695172749911362019211116332105247928529750134456973269755533219853653507607453111997549435196829623981772755265598554052315040460504700059335292468364684564177616152412900618548881955759687320679271247383956094766936228742381790522678840854030267920264486996741790340258442929726992544173507524753419456511981821098390320201947995834869653825649967612135264570678
77057234257654440195236682155134131041440919694431487755313740571754850443619557201986396634434880218012529178001968515615965119763167277864718940212537016422463785793160978239552975522568274655478856727335291474756253091119393934331402555170050704864525947331704183081795387347835610735416648235563234609735883344043166562015325101251901477699490208173034338012999207073921850966055356375894028666294146136144060275738536225744066502048239638728173881954611985723567308284181807416803467118217995757
32129446715551937898926077872260238818033890371147523850484234745473741713976474410383457303205032343538249463931426408552348990577190003048348123709578140942037770269369980506986343352037545300835252175111257658086965246745108448084146348203666995285337979479869327817021739473249448154858116967713092286130757242676354826863658109105827953787248906912034392875495541545489630636201125006204885678435799756922836871506234769920469886302411804673817442716883752313760349056746707491989282622093247779
92222496717332955329727904013237176010724406426023641591002343297660298831118599501128168847548906295936700161524381812986252385160521980054708298557372804228124109007558576087473119599610735727550309808387528239470269346279779478036915610802027493747635852231363937949973169693251673350882739938946212358387433760027161467470396031953625799559746097142467819219585632200003008018145038696282646415531216361777460076683353903094887215609140898385857879611781792415573603945981923297792388524896931898
57488169995885975115508448715655137000226547565784562875648138002854840096840596356173323538066178223335585885528470655648817965775343541534751010716541277185996991830784136515766651428248715114389947534451283005375325764635624322916825752186261686321484935398967394805894721164211697929969304423634159500855478460039730292891657047919449922694689976111078335818414942826841401785172240973325053221483847219278979472531814303507776563314416289490861720887352747548992103201161867924231069829469470701
54499326015276508708593198438759832097789467349733285356034713466060143375950553215164998818536160115207606183314807123573663041600565028978985376638534061913461347928810257813571313570288160680842695969320947183547153199557980427594648380433066098857832504692353099737869333254178759102331817273097891157425783867808868420922071210848785339152302617478640511035146964538445136427867035516439586229345632378949955927795992854336543876548867749776344409903368123762112472169696900157078598823934578489
55017134055854267233239582498010684677129253953128640295680029745419203999579334934584464456418219688140256786848370392692821443741544626632036246239766851559863694017793840299697544725861504470078714129577272692106586435050976117440915021053090791077210008564281246890328000012847438736457602371064513228607199180619228628832178031626412797318073032225584437389959854022211055305527784206559342237691200580378762614422775836851604192477985100437026542744646219893355193130078939296574579429625620298
14725285501375914371877219650696978174254360130424721255872350007328660084819583715370565367775625455679392736522187513640254791825548148907256742291962728318093431539224110008467502127135073852288439335963048936768808747903724456978287106609593742798693303520039998924033260173788374159679942383352666666515088333706544632221541262208766105809742818868538550753972464206193594356014951233057443763106287133795164959054425633214593044090255042699883548449227449026300361007916534605777277389603141178
72960097636654559250002915674698045001393150105261730014613117578899636622723937737207971040355148018202588477157774919204433096826589424197686496680972240398511960005238888408774169754662062873707219512289843460032318836661591903510515465709450328710319524959192919589989788186711976903200057222740528031945232550012319255968006075056544829104425191526605241254700312194392467601582821675367500965931630128559192370521426940743516636104079099940365342233924897728974933057876910428297000900589850693
29349348634350389220317528062549363471466645894296084356216042892756620804455913382458225140373648917864779944183599180272166356382200964540129917622085196343559643404977953528034546489444988345214330651625908716872741726054462266052634787912440324304545096082650070011362269680063121563200443536278581026431802698657356013930158842143044673352766842701438268092400820870311955634085346647015861735654669577470170846508608117308164765945546530378386910977771832943275180345001633535726823806707411485
67812903036824487364717274942514397135258378946217852017285503272632498067941458476254687353979878097591574518712363330045633543390786805897779210138273571767294889596601312162614376460952092104730403355288091500405450317095169605950241541993666673680929841861857619962122287068369146975652963290391063810703554895212711082581844555374921567358162107396501459408626803793182225090392330993006852043406328419731573944812195501876807983603766947088772492481149332492112745775444647208799545634637084524
32005576585771057783438174309681291851515461559047472960897471139386237800800198220543668039206933117759058999407140017559424484972270901912102231644052431976167083255429734447063223988804974254130565764471548161855078829584124546268811480766003578107945337567489240763219948602118879487805099363211408290716869205020316992493259906538595514373891746348172981025846878240143206483390788289613692820022270099816044237279195922311088467240241735199933451257615758018155632629377431197590547996066351284
74742934435499082680581864267044220955590928371349054261580720867454486525385018736115762168796347369240963099793717277383380024285712665600768155042920009995236477830098763804247499905963116490974181191958645618715395004421694324644911408088450418265464812538305307021370253981459805174469285191430810522897850239436770695169358302485328316355504148821807893377403260832428835351256953934208847466897608793878488952972167751597957038058484054139237325365741479030190726873670003307783126347924867970
02596023598385080435473877854324717266652828031937493877181887870852100243189455607479117605306703742714217832060777513252712724450487911524048600807539210868010941357595962868637044559996113595230303859293103834660878717637233610469581125246343385592131485399613817171668593361754992755540413445929911757082816286480994335779857853250385384700553914671927433954339845372853834525351959896824361443013249575820325183421498800681463901283520310835332307333329867872672033974079056968445998924961210193
85813634973941040565249410397448749534070946298100290530467968093910470571061609784786904390600412991309187173895977723018381213595952410198945712027161748982599102745244299860394817251249077832203283660894744339133627355100438839130508929152760755359371398568633918165366358211371838101062364719981504313619465123935677609867713001711943789946553763275705277661091232116149643063078144105936162597543416938950873632839028100888352060206745090368197852870453834109185765006024230538520320854201846483
00884469336470683976966674567260002585145028717586066771312857041587715012905853470491429618642981520722580972424800584773304241492429080858795265790094634920334770860565310965795201539874691164250224997424724596845619185013421609780216207989915216735884655288039243547826920249939347723565411517181125265285074463792537316927662322584629309217021746637885017470563570557762388811699871970494745087099699460087602609750633403124580099787342715627005587135089345772812029058061371927998981938767897009
64130172608062751155038931131594130942541585642962173928230714976319365103001444996795327411168597999997417300481968569376736577555545892835606445397969371722473835610773737224926117754290935970804407232302137732622511586033881382449232074083072202514280515986265364362300564109545480539289245311892079013484718340581259383142502705007412601490692129083216550637888982502638573279547737727441322032625282458993363725094668843395551311564370707117927924711191028809266266827823354765433113388337152918
47049260564573397818815867514803347197288540156258477336005438222845612473157478912463615603926978732805714292695477642336979187245427552824756167098889805762268105104088264334179596614078838835620344187904451005044908915764131359653006160142343286083205919435431829839986372454516572394248494593971563414079745990165536220355144816304973406939228109061714299752793415710650273114105984901181118964879718239538266637946727586580366803011880581469152054022332284972437260547305194597326570260350888868
03485539333355680954918912117960692358211742777960077172241785698724386820589085509019353539159241726142173863824818658365684778108664198336581987985979241640375882870036287237846752437045165424314969861484899340458488852786050967138693106683331761285380042723730635048592363668429897357945374082561223133008851900383468696037481780377866835423683418599302789719012057138130740918872063266127065544378092135048407560186110780842682365810854965507929203483966435273053625789449308268902561994577426403
61763968593697182232515980263682606541305709478910168401471721453157714570997943875273213387100366225171971138846017377643936342474105429958238968646325354082515489871387760338600886759426815538522721295221071449071948425232561753848171989261098891440443945223774666709146327808072610367739332068369231916165511881371115710121237645413621123190400220794245999795675818677178269544481420032746558837980773163728287097788585114157960809187375220328469311911363761487988409897819413332972287411736098894
39502084126009488103519841906161709792191942762068703641988284317901026829884349222782688680653319751225297496212344704575720824678615590518742085645363317415409849199452741019246180449369954621505408570471835625888620241996200971692883608507382709623670519772774244161863028852268864148600725947368917196730422824373477994947124508586380277856281027553134331128827732594096736423025475901140591391568638088882569145250041061475003971692979990923832195772040399502207056828542031879450203763267817913
44137997695121459401496801656133617973837230257942465261579706760730376859767575230173923342425125442859169888433063647218580756999550622982476177805324020396126325596061425851719310993125960123437702864777415639663027502982008138467757527872661737890916934948359204727312964981140911515853786654125930664343396309130053804721314860353799366438558707238104083376066866356850400731144514881973636751376257392084303872132163016133279115379362091615897580446201596607925357593902108707304577242126448536
21163578093919795375932020690496048268503156831259417520721589254444322697265963441399016855396056068303902058993278703559927514008186228902262003624968254313964214275563304217488298558706103786945071887732183558975154785881506813283406956499096710688050594094644478007340162801537434143976867756398590447526724804477694765965040957288520865615207734865055908336860942223488453551127906584567728060394101679268722124359129992215648488073077970789975657798795108106127202416551798641110722970486330169
38909863521122423208345360745581694295439986595472175558345613177983692925582493849307338315896147275538660929444205032176208653550081605486746470925548193260574271561511584239233916012483253712332632973973402963498960248571144919819122781335195849352864452520221418944807526991441832984017902655261310650936588260977858520402429524013122799450922205613298416417243937770615369683284973311560725405076329862019737728689321507265290577883889948711387426338368260616610014341773339713777436141125995072
04653626358221044643673490000151126805604778883324389441374422407762664589966028630136968753147206677055739705932217596730501106991487858168204937736852813885398215954054038253256702057037600502360638262200553603440934973877723610723752147437460902260302204296901410539571362173386691344415008018766691794922339387592027905644454833257885104322091073937276805177068816688302291914838769087633693420574459588247650355936414483544423141993372676565839224505691136821768989742858854445113746576470819800
18600897349578311268276419812783679647358464229509736643529254642036086862477082863616622323394217230719933505626562664989310016342199188689831064210521481300537091766461915705540623297932605266351000733962114396513463713918026245315488530975902527665872452748380537385073383045215674850703340394609006686538290458907535017281662085389328207929450245193863391270030967970595123143017383790204895200809467459145629939894800513655110703216027282459873970010215320078733175089430244477877599314910633675
39683564798135263738632034897292929042730845162185779997803069141608708635272512840467048813304500025997965094082403368895456453831725435673182054931335508520466915085522333371041116184124625968227264026091604991416170219536711696257803551462173572319132256179972311737289199363133056992824254160357546794951589608519761428915198649870737381994630182121103423747770655577687490425266089603769318393914707480928900015474838898201778609083019372216427188521363071804876930115802722236365753433941934717
85313458695527295335600352380461086471514669249250550501892591035103402679097317002408157989497001952256616329936930123544459777174719053881591794157012631926546310428267958926373823313584658234222507173786713179781793367340222434011452618769658916951643748596613448502104862686343113923342762461254412148803074463990967204774646902940519358720954725773148228991917433139360529826114278794847654903495458075739361561963957255439508627100821542007990691169432497891392279998500863587533117711028964879
83923178606649210543235847423102447329716807764433073333364371460245423149991183539881675696735146872574432774560471745050973436548865333835254599681924330695679164600620863824805391732336924257595665094405762666384740171616970323995404656108841123261886252877819430850811463981274146210514319150003488135382916589303378640446634887665899499065375661202927215222402452536090048739483575709902296279214105713029800237948525611359394237209551206249323028732926345855075689973731892726712885761233545377
61446856530907069639713992288090439225931802061695165385409925648205763204656393207429430909583557816660674390969707867430075895735605322357047484351627734224578784266446390546609178735305493712274907776363555755970822363350377359583084632115097629236415843335124769685858449653149567613389278569079164247457911407487791211496883802175694363336306140666427168581910934204291337218982493777479804303634427247825094341006445325003787876829021856376765642419646653247783694136911101897337377348644018778
37692711449393378710937657884565832367969972620601286338961651210883477467084694294312044051795050321671871016460679506062566487018312400127896862310841198891937589256473149011186969958866581000752994307138499007818438952893970817048912475714189256868924376861838873605469097603155314142396780196352471519304750234629202892161789659677835599914809483192563306415264480484395726989614226503810045569217699957679158677335267075170042875096765768088394506658991405480205971884857523455109010613551783136
92371508018650854397118479825100045294473314505775486521874556746465185519603046452389001152552106125954162043988312237096917945021725245525598390444435673755323190078712583613065979590547658168026123469586620761949723151592683885934671089917216699842377753274489789925471053862599630474801296476239292359310316544112019090297031695368648583235265358935631484559731348876152586635802751471922553165286718086900612278831178003497034344040543349190404513132282299938135417100564813720037093991751209435
75346352934380460000227746606324159937986027565532061272953846803336702538766504671650784491624172803869650089162471405718632678215279460384881722438621839728681270294144947979363203327240911402119789722540396264645868633912872063643233695485950347653197038798285649248649372027639379620157047076511272411171380317523639846688428811240690367015250173193284269974824341355515050379297793509940627440302467971635145284167565351092839654092631612335640087736061219142687439199517342371162199868957693218
86676410864728516912405964249189155714771887791321980823791463742715945007923065247266482609265567023250470758239767974226521682215588462977320413771445670825095891608877676809493421660853191965169560327672100506052285421435923986413199833984153772650420677655678734528659241375954303966869293532628702860456541287420106409433219467844655317878341939671107941775721032814166800063225803848089024233341586854675795424020590185571422937799014432849640683523540830265304206892485736231525204730877153186
83120623407813263257220163213043924009701675768817559029414847381827334145550701121134390404721157054037663394387784980945121702040509384223718842913645963095236907086045507751327414913963195108365622880448512796591112698197557212145763632002646905550619713476064338222730169386501890020304229231371913784923524820503529504487744567680413676139546256918774870485293691097058548611799891648502005682685322449736050273383100759130060540101166156234107432740500090891090150464561668852530039074299817615
50509594136043017656045053823866409676029879342434942858851900922721190860668160458017700564889394735192692714207574273563567852213957742401849477907935226283485691593529177923191704567826491316000083902474396565879706409183788608622197701200358279707756638386842986443999220860416769896506557969984045864356846837807527912955449981430045979234519800757137043443289952304108403780263722180280178235800398195255636893553104093362525317826995160735521485145606378025857119313005764974492239655740066292
68045953338996932129740595405504884589786926530415155835853816159007787556551480917560494175791869459417855139725757289173254415299987851795265075028191677557454019983423504119848104406939806473150640491508242777748609014828256425956316344790275946793752156696049928367498715995787251517874595669998714522419936184489217881284051531833443855506688374371600905399207774611114263088262074223991397974398647991605154395477868619484461107782634868565074805541404815015964011810202504765296241046197858152
43538608532454204870540639380566179151754843828999887460666576771515513719582518891018680749675075122322089776129066713646430865821584185976237048809987302691702892925256094173438784867220676139117810919958115741136114769462738333506408621594945891733755607423689822576387942033456262224761027083922540211985049525660314467800112134994848909958717179456466657872323139332057092200225647486477328638973649556407840904776641513626461391302407067824028623844225378842965788885222537295908827729609920166
444178305404364142570439780651839926581058205479691100133801100961745671048244767271018556925287993629794999492126483849907720184619671724165633732821411965429360433826467380451514183332545644439988085086597083978721472647405612192945519395050625194976192339285130581566734044743064369609265926471887197499823571439818301364412595089066753543108314441669079503235714323907904461357545880079308004750654
