10000 9308
108
327
655
368
132
88
178
998
837
205
853
972
841
709
667
83
478
814
886
436
876
333
442
348
943
648
118
947
177
870
218
650
945
970
112
400
303
430
128
888
326
285
163
458
623
914
428
946
689
463
255
612
146
574
608
857
157
34
242
959
818
713
660
265
503
591
628
815
697
83
470
967
699
96
958
823
244
393
461
182
693
838
900
202
905
847
170
925
380
199
590
721
247
541
920
331
399
439
174
945
855
353
738
177
237
307
121
954
611
683
541
239
125
768
84
999
104
256
86
313
511
522
820
405
718
302
724
734
11
973
663
410
99
506
106
82
444
222
784
890
372
594
227
698
528
872
267
496
467
123
170
731
903
477
435
844
33
355
787
120
452
585
882
809
913
95
147
728
299
144
171
529
507
627
679
748
866
43
588
953
980
380
438
467
621
58
59
941
699
440
943
932
330
727
304
141
425
298
731
504
290
430
664
462
888
562
598
164
633
636
113
394
441
741
640
749
294
641
126
83
680
977
376
61
142
107
11
883
542
768
689
119
510
397
435
347
525
645
595
622
627
208
576
889
73
531
216
24
972
550
530
743
950
759
311
55
535
925
663
114
408
983
592
768
379
342
353
757
50
76
59
166
700
860
35
192
62
138
186
827
712
748
563
821
398
773
118
266
724
605
389
702
869
749
299
106
736
724
267
332
513
532
240
626
459
436
693
17
680
274
682
535
676
738
427
999
294
832
390
491
813
95
195
564
540
599
338
369
633
91
570
334
970
762
142
830
721
544
438
354
846
831
455
435
212
767
388
54
689
674
452
94
43
32
56
836
34
994
439
299
156
943
410
911
195
715
160
629
409
387
140
792
843
178
766
766
779
127
119
764
447
345
747
410
24
809
694
505
627
969
752
738
81
331
450
732
1000
574
489
301
809
263
356
746
977
895
683
656
626
574
76
937
32
37
212
338
720
995
277
342
881
245
574
563
776
831
353
55
412
120
635
786
857
501
763
338
762
422
308
706
345
566
900
172
871
837
476
616
271
566
742
35
778
235
740
182
268
609
974
647
890
358
550
966
515
511
69
657
198
431
514
500
755
686
118
925
616
805
566
208
200
439
493
742
213
873
11
242
327
198
471
158
553
716
866
54
9
688
237
479
530
777
780
792
485
618
976
135
615
148
714
488
752
88
898
274
217
119
835
717
109
304
460
5
554
100
817
899
624
624
705
241
557
947
727
380
813
834
452
83
692
779
314
954
983
37
44
378
185
956
501
265
815
34
92
522
979
709
497
554
527
871
175
827
276
601
628
386
939
703
688
953
209
448
437
848
534
894
254
470
857
411
827
554
244
521
91
34
342
743
394
782
881
891
354
119
50
291
83
187
747
582
939
550
714
597
374
499
966
605
149
890
619
259
962
114
901
621
108
297
101
37
311
294
755
665
462
727
83
128
352
562
870
751
500
659
584
402
963
583
452
653
467
718
939
897
388
186
352
314
802
834
875
388
874
251
464
853
64
151
515
460
806
22
991
157
679
359
269
39
434
708
23
606
319
737
244
606
737
587
33
27
113
703
318
576
901
926
650
370
833
733
122
205
337
131
248
995
383
164
640
828
602
716
72
643
694
438
716
522
695
159
508
281
210
501
121
853
588
579
846
20
898
786
823
639
719
265
829
270
771
902
368
813
33
893
249
402
951
828
632
931
374
423
202
68
960
180
453
875
802
440
384
848
42
315
553
340
35
200
532
888
22
644
976
774
810
949
547
561
503
421
470
710
84
153
49
182
914
281
5
413
286
503
747
931
70
675
238
691
82
485
989
402
756
309
588
284
419
488
266
395
725
181
38
923
721
505
480
751
971
721
527
4
578
344
719
363
661
632
782
413
390
582
227
344
897
193
417
781
684
602
229
60
255
164
94
711
460
889
893
975
717
162
929
998
155
135
135
830
931
121
921
320
777
849
94
65
942
455
511
629
260
139
920
974
19
521
999
389
150
224
913
931
375
691
342
425
994
453
226
608
481
315
518
677
766
151
532
842
882
68
272
181
23
292
414
633
673
612
825
316
580
75
989
410
551
747
255
675
845
976
768
360
653
819
716
733
414
694
905
626
648
385
4
431
665
842
618
764
903
764
485
400
664
137
398
733
970
714
67
399
482
507
445
371
534
582
918
197
795
727
26
225
261
301
598
142
189
948
838
646
145
576
66
491
696
501
530
623
427
59
305
301
696
289
231
744
70
910
434
596
937
246
919
1
357
955
431
676
506
391
326
24
10
296
8
411
391
687
654
378
900
827
923
42
927
342
804
222
400
677
88
185
292
152
245
358
909
146
623
624
762
48
863
589
117
985
474
941
919
382
603
126
105
746
44
23
445
140
203
48
196
427
485
305
649
708
403
459
915
387
363
428
2
279
121
724
372
346
604
480
358
985
488
331
881
86
124
474
499
575
353
485
911
774
780
302
843
982
910
671
598
788
974
726
494
14
538
371
601
64
312
133
388
772
209
279
315
867
481
955
579
43
573
33
491
144
302
121
989
9
525
930
848
414
527
658
894
816
326
771
751
453
548
331
457
328
891
772
326
148
131
379
440
430
644
755
935
926
94
596
109
716
307
113
866
447
662
88
185
259
454
798
833
591
602
891
560
477
862
652
884
379
533
467
163
47
428
46
132
764
717
419
950
712
1
478
307
927
705
164
330
378
4
631
524
673
175
130
489
416
858
380
788
496
177
645
416
472
413
709
244
241
232
433
466
683
414
601
513
310
42
235
352
594
998
741
441
661
792
90
217
939
527
502
531
772
392
962
919
707
406
988
457
885
190
300
989
168
478
329
492
947
400
607
637
356
576
657
850
956
676
989
809
480
472
757
823
271
286
410
348
669
132
536
655
395
619
719
257
963
554
491
67
53
781
222
256
651
826
644
960
929
596
246
673
355
12
385
389
564
131
562
59
130
249
226
106
890
473
882
374
402
12
27
454
928
22
957
95
443
89
8
839
327
197
896
227
194
898
496
642
43
997
595
346
12
833
960
422
884
201
431
726
348
969
648
265
92
630
737
206
305
120
649
18
967
115
564
15
752
148
398
37
967
189
755
24
311
373
776
970
207
539
15
577
932
421
241
782
434
53
820
266
598
42
406
616
53
441
164
90
888
807
645
658
521
369
323
558
660
684
286
208
125
45
125
277
994
239
478
93
403
437
266
672
280
423
260
119
739
694
174
105
843
174
445
106
392
744
235
494
195
435
517
437
537
232
391
228
686
298
968
379
829
133
976
470
428
402
318
543
537
971
272
382
807
303
351
921
499
322
316
669
76
447
83
587
665
207
271
379
470
808
226
616
371
116
688
670
590
999
851
563
516
291
737
89
285
313
355
739
375
383
135
748
766
85
835
482
556
715
147
667
584
899
72
82
594
881
408
358
331
760
192
578
318
2
510
807
979
338
115
991
123
67
761
641
340
663
816
59
135
551
628
212
879
265
756
633
807
343
498
894
441
869
558
793
314
81
902
969
142
48
960
311
699
969
18
88
792
141
849
47
312
259
716
800
320
139
219
932
651
974
161
789
648
842
735
106
951
643
918
148
804
249
632
130
797
602
941
104
258
944
333
472
311
336
769
645
732
174
993
19
947
415
45
340
517
377
435
856
771
697
356
415
546
185
31
199
379
115
878
49
402
50
155
415
488
55
812
685
899
538
658
301
199
878
730
628
766
825
266
201
923
238
131
311
613
971
189
79
478
205
366
491
286
952
512
46
580
536
498
246
224
158
911
399
868
990
338
238
646
151
251
651
280
851
185
384
719
921
160
975
86
230
611
788
629
144
7
809
552
404
952
405
616
982
100
618
598
814
313
575
138
74
291
871
524
777
537
722
99
906
871
828
314
261
433
815
1
496
156
811
505
148
416
329
696
220
46
143
344
124
732
145
486
502
17
631
427
894
568
693
178
438
964
279
577
853
939
528
473
569
635
486
970
188
36
707
369
660
124
809
897
516
863
896
99
942
742
37
364
886
386
663
580
557
507
262
321
450
853
660
148
969
643
82
323
85
649
235
929
279
273
671
84
462
686
850
332
65
60
782
692
859
463
582
694
184
553
114
403
858
774
120
994
947
507
233
631
554
606
350
253
673
884
181
650
182
895
499
60
446
588
856
900
678
878
196
186
330
961
244
603
707
166
652
388
373
495
188
977
286
689
416
725
926
442
118
687
543
735
290
210
165
602
599
422
416
767
818
428
941
647
863
798
317
817
285
499
434
362
580
311
545
83
226
284
490
326
531
538
51
403
244
750
761
234
62
227
152
439
775
477
644
617
577
36
730
937
653
22
274
610
247
79
218
176
447
781
648
923
700
861
242
9
652
442
457
770
679
705
976
778
255
210
634
332
543
207
689
574
390
142
58
887
182
197
723
169
51
4
465
496
48
550
952
388
558
485
384
670
338
698
494
468
550
942
235
655
212
358
192
369
961
41
389
169
309
52
391
225
285
97
456
373
244
634
399
1000
391
739
783
706
473
337
128
494
694
78
614
548
612
95
441
815
737
898
534
710
50
586
950
749
246
605
223
706
65
582
246
495
144
445
407
22
803
942
970
490
263
899
386
962
986
744
515
223
814
19
425
142
22
498
993
513
683
145
517
738
34
337
179
443
508
32
26
867
312
383
84
905
244
223
549
396
898
678
397
374
176
59
275
681
172
241
548
989
975
805
677
213
259
23
775
95
604
674
494
573
223
64
430
634
226
560
330
867
715
764
634
659
369
288
200
128
221
755
500
167
308
106
781
744
637
568
446
835
995
766
513
965
834
516
557
198
914
817
853
641
185
714
948
780
581
875
871
779
420
939
394
391
380
539
904
696
27
751
812
768
435
861
958
120
390
625
850
489
935
415
306
591
642
337
330
850
534
525
282
905
859
110
466
847
216
225
129
97
338
185
149
332
927
631
687
900
634
547
401
180
952
745
450
754
956
176
787
650
967
343
940
267
688
674
855
558
456
669
244
544
126
183
909
775
100
220
989
621
956
419
76
710
766
752
516
256
584
727
372
940
464
792
705
95
948
352
250
993
215
675
998
373
721
924
842
669
497
686
838
274
483
314
504
406
67
51
374
232
141
380
478
258
786
735
91
869
868
193
500
562
159
90
477
3
152
624
559
679
309
382
196
288
189
414
882
162
192
93
569
606
381
402
918
184
729
399
25
140
461
823
187
835
751
572
353
479
530
933
986
562
820
511
729
567
871
179
14
952
999
383
374
406
969
194
767
595
151
575
55
385
362
839
263
983
639
306
661
156
958
757
191
457
335
94
395
995
600
410
769
510
178
435
454
890
947
964
501
177
33
402
312
456
202
98
840
387
267
700
67
125
784
234
659
349
600
120
955
674
288
973
536
162
584
806
297
791
559
5
603
996
631
874
140
816
70
968
268
810
973
209
496
79
334
181
528
99
460
677
983
205
335
887
22
117
620
731
652
667
223
242
592
812
739
69
787
932
277
169
697
61
566
443
798
303
510
379
534
234
598
202
678
29
316
164
520
353
103
200
793
222
716
14
907
228
848
131
142
608
553
291
869
93
982
180
437
378
568
182
844
771
745
438
776
869
466
244
238
349
464
378
466
390
978
564
102
482
660
554
716
340
250
49
468
848
446
663
85
258
590
343
377
377
367
126
94
9
354
4
41
509
898
160
974
526
37
385
673
533
405
452
134
344
190
842
824
741
960
727
983
253
272
989
576
156
729
402
799
33
351
827
971
124
374
190
442
186
856
502
907
873
474
278
753
805
187
724
289
361
177
293
628
481
569
22
171
610
681
419
636
45
700
77
922
571
791
480
477
754
914
549
761
757
642
700
564
933
108
38
785
666
723
935
394
609
114
347
309
312
459
350
504
713
16
193
549
203
907
338
915
348
819
387
515
294
534
483
897
34
629
157
343
186
910
304
538
750
356
281
2
338
386
859
969
161
234
30
674
417
821
906
477
70
60
344
199
687
909
727
807
527
637
997
911
773
771
86
86
423
447
172
774
910
648
548
945
739
291
137
179
100
256
562
370
442
309
766
786
164
790
824
409
724
469
862
53
763
598
292
269
475
306
708
148
462
561
387
21
788
229
116
311
129
449
191
117
975
671
805
292
15
459
868
868
393
20
590
127
96
359
354
471
773
921
952
674
250
661
981
839
979
792
627
26
242
923
357
905
226
263
553
380
660
723
45
589
209
364
30
902
112
917
498
356
16
999
457
979
500
835
417
519
833
499
610
934
527
944
936
627
931
206
171
370
944
787
752
185
436
682
683
740
481
654
845
918
839
324
34
789
548
370
403
259
557
54
19
285
294
944
452
373
671
392
780
405
308
851
147
458
55
632
618
59
949
602
216
574
823
437
581
252
646
138
693
100
162
160
559
694
984
431
597
868
623
372
766
212
559
788
19
856
770
592
225
59
147
459
182
118
211
896
55
868
77
423
417
180
131
721
546
704
398
812
275
559
591
868
85
697
746
311
799
196
461
571
700
54
291
390
438
14
211
762
854
779
228
635
739
675
751
988
308
27
839
134
141
928
928
679
417
101
819
32
564
816
72
243
108
349
444
370
179
18
584
549
120
193
783
885
529
613
167
355
851
274
906
923
619
901
202
573
945
416
882
934
211
34
89
122
632
666
492
522
148
978
117
920
411
707
546
749
658
14
922
402
644
722
174
600
614
64
773
519
171
239
930
373
661
123
440
157
58
798
325
965
657
529
998
86
595
133
651
728
112
289
835
453
582
98
313
282
896
489
832
144
629
290
306
26
183
971
487
697
472
686
837
273
538
174
226
990
159
615
634
43
16
427
432
300
298
780
818
378
584
959
960
842
701
764
519
125
801
987
271
833
215
137
658
990
257
369
206
91
777
894
760
439
143
493
382
746
521
518
444
170
622
203
593
664
570
300
41
972
863
464
369
871
69
703
399
766
663
222
383
243
288
631
24
543
551
546
263
538
719
608
862
918
404
495
385
121
503
818
475
488
931
946
867
196
511
30
115
592
130
434
380
199
245
364
54
431
176
671
621
563
28
463
955
928
927
279
894
288
395
30
344
265
86
300
498
723
817
777
223
618
338
17
274
47
848
708
700
494
922
157
676
466
365
279
330
903
559
80
75
842
137
239
180
307
279
522
447
374
436
950
614
673
713
799
374
899
127
301
673
757
260
872
552
22
431
646
857
512
471
42
490
578
692
750
205
916
597
893
535
604
21
225
363
229
863
678
993
394
25
520
620
980
552
478
168
53
308
111
575
104
780
21
113
307
84
819
779
838
245
415
745
285
992
606
209
31
84
472
727
779
951
48
335
648
85
559
356
81
118
252
162
745
44
790
886
752
28
204
892
974
397
657
740
151
53
243
912
254
722
187
380
920
610
31
122
353
113
928
249
457
382
394
594
938
24
353
596
547
73
97
763
784
352
404
119
757
33
495
468
335
913
9
101
984
75
363
305
66
720
927
366
101
409
533
982
685
826
534
738
308
3
542
923
462
952
887
58
579
98
769
406
528
148
152
139
987
759
845
602
446
921
178
354
386
101
312
612
906
695
517
878
451
132
374
131
954
874
843
256
913
130
623
623
331
427
13
413
711
347
482
634
390
365
394
560
95
359
245
156
60
949
563
451
51
473
865
303
760
906
922
826
531
885
749
186
140
862
64
7
118
918
539
471
104
767
238
813
477
648
623
663
743
488
695
53
999
583
87
807
706
527
53
507
134
834
625
294
571
702
906
596
675
280
135
257
957
64
422
524
315
527
804
61
604
528
751
993
706
364
810
280
416
650
345
297
513
125
714
101
763
198
133
772
486
574
706
681
186
567
891
916
516
621
213
953
883
934
184
961
487
659
308
141
562
449
62
202
656
223
246
839
661
917
521
231
111
822
809
268
204
489
815
495
628
855
508
695
588
501
944
447
308
860
783
379
77
265
507
208
438
405
42
642
852
608
940
440
980
108
158
100
40
739
436
920
129
972
337
669
34
28
5
279
53
874
586
697
541
895
815
697
692
933
242
543
978
680
373
911
632
217
492
422
517
739
537
927
367
804
79
904
721
37
2
166
61
516
448
946
276
854
775
669
152
892
898
489
197
864
556
613
358
284
361
579
466
439
159
460
844
908
788
758
342
10
364
678
698
804
108
544
122
788
2
403
519
884
94
875
827
891
389
957
898
519
669
47
679
85
218
48
775
15
674
905
456
533
62
88
844
204
11
571
918
51
441
525
831
703
886
871
385
914
356
527
581
300
636
555
376
204
38
121
784
1
802
347
322
984
767
255
597
514
226
769
623
278
429
526
185
11
207
349
286
652
213
545
415
374
547
185
489
758
701
928
488
243
440
645
601
386
478
143
645
326
13
515
520
127
295
886
966
66
427
214
533
664
587
483
279
278
422
1000
956
26
196
449
114
742
948
143
662
569
342
553
533
349
976
489
738
987
883
689
313
619
985
725
122
657
522
390
575
513
651
941
173
879
264
786
480
83
409
747
419
807
290
401
613
89
842
974
579
268
294
593
735
61
534
892
143
45
536
837
779
879
545
647
72
700
571
687
539
301
365
315
798
865
597
780
830
254
127
800
686
280
374
938
747
567
118
935
753
904
906
179
17
13
367
662
861
421
885
156
364
303
348
713
693
134
285
838
852
817
482
467
724
755
714
654
616
433
74
226
311
697
959
915
126
675
911
88
200
885
968
383
976
728
477
853
724
990
697
937
473
320
815
45
343
476
368
831
470
276
936
205
181
619
656
295
351
61
636
523
749
646
865
862
410
179
972
989
454
153
183
995
39
455
498
832
296
543
795
738
20
40
19
78
677
491
627
289
712
606
607
113
310
405
138
204
694
639
584
691
711
222
736
224
358
722
338
217
604
596
5
351
640
557
595
495
184
650
155
875
910
895
19
828
26
69
823
924
918
591
961
751
840
940
681
604
152
12
355
728
862
728
97
825
718
291
801
979
629
491
545
778
462
757
466
507
980
998
31
691
42
366
477
684
211
323
382
778
909
589
267
732
931
976
94
558
520
103
91
878
311
422
355
639
645
120
462
580
238
806
173
343
223
776
54
49
301
248
631
804
248
767
818
932
263
818
955
473
560
455
362
100
763
647
390
782
547
729
38
930
554
558
858
61
134
180
192
975
106
309
616
564
317
340
562
58
911
350
134
422
652
945
440
578
959
721
542
499
173
994
238
89
217
626
297
870
407
910
724
282
858
793
74
399
252
911
388
480
901
744
485
485
62
124
914
550
346
331
932
479
86
472
473
762
105
164
752
321
303
68
53
29
995
291
165
795
312
837
926
697
24
585
99
352
101
523
471
94
281
291
553
227
102
526
428
15
983
113
663
845
486
893
193
426
978
246
80
44
219
674
733
246
926
447
771
973
759
218
472
587
180
806
125
777
424
1000
813
988
784
938
143
288
231
850
895
96
95
290
465
18
918
27
702
629
550
814
317
270
493
818
330
84
246
354
918
632
689
527
643
258
439
549
532
233
401
3
514
451
371
55
786
965
428
578
472
179
265
795
519
362
260
90
969
631
48
387
844
43
769
575
419
848
955
427
909
299
273
681
688
639
371
363
548
500
470
124
730
687
624
393
630
803
794
189
61
590
328
487
997
10
325
709
348
816
169
476
733
952
778
602
432
212
824
932
890
105
645
191
190
139
638
875
472
200
599
954
746
239
243
933
102
857
404
343
375
379
508
64
762
663
185
507
888
194
707
163
142
337
469
740
995
180
562
765
434
201
663
28
889
598
310
250
152
718
453
356
629
32
414
607
567
319
587
985
405
798
537
885
641
233
686
662
454
875
230
125
267
847
778
550
30
384
453
557
311
858
995
568
123
559
343
469
138
852
836
75
822
253
659
91
511
911
130
902
871
131
920
489
126
26
553
214
212
994
439
898
379
71
842
152
516
399
84
16
659
278
477
209
684
495
180
292
881
716
65
44
900
157
72
824
510
390
352
766
165
585
754
925
551
408
634
400
421
429
622
25
231
355
178
381
735
260
308
62
623
888
251
178
658
718
640
444
942
589
998
268
462
660
228
94
763
576
472
309
379
330
177
169
325
759
417
76
376
283
760
100
952
486
573
710
799
60
419
327
762
622
330
406
53
832
471
320
854
856
121
492
72
564
840
347
576
335
849
871
839
694
311
474
995
394
500
742
153
219
494
38
292
61
230
769
271
919
693
569
729
775
869
454
129
25
209
41
913
349
173
964
12
114
108
378
382
552
546
60
744
237
537
760
570
427
831
93
121
101
354
847
385
784
714
393
445
537
238
794
878
288
19
18
203
103
160
35
672
331
432
180
658
173
383
779
821
559
16
547
380
458
417
990
207
682
141
840
753
267
248
275
516
835
276
796
488
448
382
921
654
822
612
936
653
334
155
375
937
521
944
123
33
402
385
243
436
590
626
665
785
747
335
78
373
632
490
145
122
670
776
210
406
658
5
953
947
145
306
576
580
250
852
382
3
681
175
9
395
67
563
756
666
393
612
522
484
603
278
969
392
264
981
295
326
696
734
183
837
257
869
360
617
265
492
52
703
68
868
473
799
365
168
754
356
994
676
909
423
800
584
736
18
425
782
983
990
889
16
804
873
510
929
625
521
932
377
607
402
826
370
297
998
67
468
920
570
812
573
485
442
29
342
70
814
778
282
940
233
48
255
576
849
998
410
59
650
936
838
378
333
484
379
305
260
833
142
481
676
889
792
890
394
805
442
228
600
676
130
699
239
556
495
139
872
682
175
847
898
66
785
77
524
761
119
241
34
833
605
9
368
199
525
750
677
599
2
148
39
893
957
903
585
504
849
834
941
254
480
381
503
762
17
631
507
143
135
330
693
498
73
876
836
982
283
774
538
945
843
266
258
128
642
563
159
344
88
839
543
606
933
627
593
728
629
247
310
803
331
629
228
276
678
644
569
617
520
256
581
997
248
839
145
58
669
306
564
702
795
865
645
111
207
4
469
147
209
580
799
891
396
648
78
217
422
922
958
331
899
493
121
142
411
746
98
97
901
70
425
540
307
336
763
952
36
820
510
20
945
109
360
160
719
598
821
18
219
828
306
454
387
267
668
369
232
60
577
207
182
770
230
373
167
459
911
489
26
228
19
772
132
883
177
526
161
779
96
965
336
383
819
229
563
423
223
462
95
410
185
73
81
326
557
969
496
42
280
93
82
203
184
949
196
24
142
149
98
814
644
469
357
906
942
15
929
401
683
277
130
350
724
886
260
900
126
201
574
989
398
548
267
852
800
784
614
501
353
871
851
58
945
144
135
582
245
240
676
826
265
550
808
215
27
736
415
119
332
232
380
580
332
528
642
860
795
926
499
176
939
596
90
448
375
459
979
945
73
108
69
825
831
792
12
140
6
592
647
98
318
165
599
335
11
453
415
388
147
562
909
760
3
419
453
611
805
321
715
542
187
429
627
577
687
294
819
383
908
833
445
519
633
745
77
185
60
940
545
443
981
812
693
1000
880
947
96
469
705
24
629
533
67
481
907
967
975
126
308
109
384
743
233
235
581
4
168
407
451
864
592
763
984
140
304
845
955
250
737
426
941
795
521
1
553
390
142
103
494
438
982
705
882
604
243
530
956
455
688
564
393
50
749
162
681
594
465
848
635
573
943
376
509
258
71
71
106
197
754
246
253
637
177
553
220
866
91
749
181
694
164
695
964
357
515
681
517
308
838
643
652
507
735
492
393
76
493
230
277
728
125
993
304
40
643
807
75
521
997
501
320
346
729
901
198
119
911
362
407
553
425
843
388
821
486
831
734
856
278
640
553
245
989
106
892
389
775
474
70
912
290
994
641
376
808
259
933
798
826
515
227
11
169
593
945
531
830
242
555
279
260
647
600
534
991
353
158
964
88
939
456
150
564
439
369
879
995
671
658
575
144
877
956
733
529
485
973
624
135
582
41
405
504
378
473
692
705
604
364
356
774
315
330
852
115
725
381
591
14
805
252
230
859
249
347
692
964
833
797
300
73
572
937
577
435
255
207
306
826
921
774
348
551
210
286
419
985
251
588
600
639
850
614
225
336
697
313
560
849
739
88
139
56
915
412
835
555
502
613
148
297
301
164
140
589
146
846
245
502
251
619
381
731
181
63
903
137
557
773
960
571
893
87
697
604
807
352
190
362
799
218
994
672
954
714
932
775
118
517
109
797
474
211
625
95
180
989
514
599
936
766
137
331
831
698
9
472
717
379
806
889
478
598
528
145
212
817
195
294
911
45
866
698
798
327
892
317
949
998
253
951
297
340
809
251
130
944
321
214
526
880
921
543
936
87
642
389
311
875
211
87
30
746
700
289
365
125
725
918
251
241
933
519
212
934
591
836
548
122
225
439
641
962
653
966
539
893
755
858
306
868
748
169
337
323
841
654
894
334
562
235
754
640
454
916
345
244
71
653
833
130
340
84
269
94
412
978
743
753
678
856
975
113
307
824
297
175
930
562
12
915
591
668
845
414
556
305
721
122
835
651
260
98
458
498
697
566
724
788
912
148
312
944
409
995
312
506
221
814
581
290
76
314
390
862
28
201
312
1000
513
703
880
773
615
748
34
338
838
27
539
566
960
336
142
652
895
401
229
486
989
636
751
97
164
578
346
443
571
7
798
460
932
267
973
173
29
992
978
797
713
160
795
761
180
876
51
425
372
468
68
913
842
505
215
972
292
942
31
725
868
651
365
200
391
667
726
104
359
44
617
724
706
785
581
453
238
375
761
600
614
748
357
667
265
631
817
942
221
356
907
212
704
601
989
716
792
341
959
895
476
247
407
286
840
694
982
880
129
828
240
388
270
374
424
133
908
936
478
632
535
320
340
926
988
92
668
680
797
837
462
463
297
100
594
990
371
941
949
859
366
68
353
188
584
719
381
307
552
569
358
476
657
636
40
956
791
66
108
497
144
581
883
936
51
309
99
283
330
489
949
935
53
483
800
749
276
806
533
194
440
17
594
787
883
265
805
842
688
814
643
53
634
622
246
781
419
635
971
54
284
799
93
575
797
464
892
821
893
802
659
588
324
611
740
646
838
523
516
959
937
913
25
567
390
233
123
115
496
550
67
16
877
824
5
153
280
291
203
547
491
462
319
681
768
442
767
303
845
404
284
470
745
138
712
71
556
684
224
902
153
477
434
396
812
88
811
303
896
364
759
228
50
172
791
926
380
369
767
5
858
981
966
62
203
300
808
708
642
501
216
924
12
616
883
285
319
768
784
408
38
822
200
416
209
233
347
781
872
226
573
917
9
318
576
13
719
454
252
595
612
455
615
222
532
721
255
856
907
357
823
858
233
119
602
352
643
79
795
521
706
685
638
72
973
158
381
474
502
187
484
841
598
898
884
560
930
105
517
943
21
678
100
14
91
738
358
393
895
939
140
137
255
480
375
151
183
3
905
502
699
746
274
439
866
36
942
735
106
41
5
906
374
557
120
523
295
443
942
6
997
857
41
598
721
593
352
936
551
32
847
375
397
917
868
669
881
828
112
829
99
551
108
717
354
841
78
656
307
928
744
385
650
626
802
434
127
636
214
68
623
784
207
98
703
489
39
510
519
681
31
10
49
718
163
677
474
71
276
909
197
616
159
317
152
264
12
273
149
60
253
983
287
341
532
660
685
996
665
326
99
309
719
354
199
991
172
828
903
700
693
254
816
934
714
226
528
765
10
916
717
79
696
754
795
878
240
913
734
353
131
589
667
283
591
272
119
315
758
758
227
501
511
903
905
963
313
435
954
259
468
415
384
449
90
670
208
765
465
273
905
901
206
422
446
838
614
964
206
79
544
40
505
222
124
851
814
82
460
585
703
657
46
148
818
511
715
902
500
885
139
958
178
835
854
378
659
485
852
18
957
669
602
21
94
604
415
557
614
902
80
989
326
287
176
589
792
274
289
700
155
70
275
37
968
231
917
267
315
616
496
437
190
156
452
333
765
644
42
677
402
133
469
317
571
75
811
835
674
148
663
182
827
505
670
246
351
453
39
653
389
941
248
613
638
408
356
391
585
411
12
297
255
217
622
840
655
335
100
934
582
753
802
770
444
853
843
324
800
344
423
120
511
616
961
611
915
683
538
598
747
398
537
74
567
429
83
775
389
945
970
160
33
885
954
332
361
610
794
382
404
701
114
24
709
550
160
502
671
737
268
965
290
77
349
201
512
905
999
719
411
230
633
490
193
71
339
760
861
672
423
706
577
246
887
882
244
395
155
487
935
795
102
393
576
577
322
383
722
500
642
80
681
745
872
247
605
783
367
569
1000
832
546
201
404
909
855
898
503
118
746
762
428
892
584
29
231
124
705
738
988
557
26
660
386
612
319
940
917
957
668
53
655
989
74
549
29
882
448
146
501
865
78
882
383
182
202
623
139
751
40
469
374
912
999
202
562
983
240
330
152
666
101
260
521
914
947
153
413
301
327
13
106
807
994
298
339
322
949
72
704
971
666
233
383
168
279
88
347
644
984
952
720
770
550
502
470
281
67
926
857
223
399
124
779
398
868
996
366
784
870
545
533
788
623
94
569
836
864
884
231
849
95
414
318
22
510
460
53
827
310
669
347
996
176
760
887
209
548
658
529
953
775
647
430
887
46
404
518
709
418
454
321
843
461
687
769
180
547
792
153
376
863
323
550
271
290
498
316
16
880
134
838
964
446
243
748
641
570
135
81
728
516
546
629
88
770
939
525
73
498
948
66
106
908
824
175
949
387
628
904
454
624
228
50
210
55
386
431
181
45
511
763
455
68
420
327
940
157
537
627
858
661
700
964
705
543
447
276
207
233
388
56
407
375
60
511
548
235
881
573
250
297
446
831
712
688
839
215
540
986
218
79
683
48
730
466
526
419
137
445
269
833
902
476
850
320
240
586
459
481
813
337
170
291
73
870
778
323
993
139
632
878
886
877
406
111
158
925
802
809
560
407
101
810
747
648
443
90
407
900
564
961
762
608
116
134
860
925
248
354
922
114
482
981
939
105
333
108
709
592
181
58
552
627
700
472
891
344
811
38
91
99
592
245
83
991
763
415
76
420
112
509
205
185
658
714
484
105
824
80
800
959
362
755
283
312
98
303
319
802
592
443
665
71
250
311
932
112
479
247
65
804
266
445
831
326
399
877
411
498
430
943
894
734
382
280
479
875
499
349
958
48
774
166
301
822
897
607
430
96
65
17
43
224
420
495
651
467
389
526
58
927
281
980
474
818
11
528
75
837
929
251
487
286
55
750
251
724
316
754
886
973
557
386
752
440
56
145
262
935
732
158
469
949
306
559
140
639
471
160
990
315
176
205
17
937
543
894
975
630
556
616
971
971
41
321
759
103
862
931
406
660
772
410
138
705
665
635
848
957
945
77
813
544
444
701
609
432
61
203
505
240
495
313
383
850
161
693
567
441
179
342
54
693
508
741
897
474
976
477
791
190
848
42
74
645
890
757
448
760
438
587
207
33
319
654
221
763
828
373
778
489
169
410
807
844
449
20
738
91
452
652
701
165
959
204
461
661
534
534
750
561
151
43
66
116
968
675
971
208
659
526
708
610
398
547
825
646
332
497
388
42
558
254
560
366
199
338
258
906
940
142
12
36
403
934
730
117
355
219
356
892
64
33
624
600
725
76
878
850
639
697
870
737
185
522
143
934
944
344
373
538
373
579
834
742
942
667
502
710
969
252
329
890
624
184
360
243
350
842
528
244
658
484
759
847
610
668
248
216
811
489
83
410
594
67
850
229
860
401
41
788
606
736
5
5
121
491
285
311
647
546
936
894
921
549
368
672
19
720
799
495
439
749
915
683
10
40
271
855
992
459
460
592
537
671
322
918
463
601
892
660
669
498
535
58
974
3
378
29
430
605
475
183
212
230
693
755
527
134
945
720
569
868
125
728
824
793
482
393
448
49
521
583
813
409
914
840
31
633
290
968
375
280
852
94
486
943
952
951
271
294
743
569
650
733
544
60
889
24
710
874
961
128
908
372
436
793
932
507
127
789
992
45
466
702
620
626
63
238
879
126
491
234
948
815
124
707
288
295
80
738
202
367
463
816
482
216
304
932
23
393
506
69
222
699
852
550
119
164
254
28
914
663
942
589
572
878
673
352
637
431
285
569
267
217
501
930
1
272
283
714
413
321
4
458
389
316
243
973
534
350
23
773
735
904
787
754
751
897
691
554
998
523
762
284
155
99
44
133
606
150
411
110
376
619
33
608
233
637
405
858
860
429
229
442
86
935
528
40
466
661
250
82
141
36
483
696
682
971
315
318
768
278
674
581
599
634
410
216
56
146
973
923
654
695
46
298
491
925
547
894
857
658
273
552
419
256
682
172
763
117
826
875
515
252
959
167
296
369
101
249
362
122
2
545
59
901
942
199
410
407
923
421
719
628
831
593
498
865
991
107
872
711
600
952
873
522
41
484
178
139
683
710
746
917
418
413
979
622
705
89
890
409
917
832
802
154
609
253
547
777
198
882
478
652
299
663
800
486
906
305
414
247
410
362
170
469
285
775
274
789
112
13
331
9
132
718
99
972
609
291
360
620
808
188
976
422
570
106
162
976
725
754
924
36
609
997
620
119
219
704
367
470
102
367
129
901
920
67
96
5
71
216
865
538
190
109
100
108
652
27
678
733
903
38
45
41
398
993
831
890
157
250
178
378
818
566
608
680
523
762
425
485
169
499
757
562
444
778
161
684
504
295
490
467
462
237
535
740
543
899
193
311
312
336
396
549
64
884
161
935
347
913
25
650
996
34
718
101
395
997
617
485
242
75
125
980
565
655
750
971
10
113
702
818
607
606
834
291
895
999
341
347
995
595
300
285
879
253
676
601
846
413
733
822
287
581
703
261
402
577
462
286
40
867
326
277
446
460
139
215
314
474
776
605
999
353
402
390
360
108
468
766
514
619
870
682
329
781
590
798
443
871
934
899
141
584
126
883
834
833
445
443
73
913
513
948
758
201
284
144
167
811
65
93
599
666
891
821
835
159
61
251
941
315
370
937
190
296
198
829
460
763
468
727
952
641
320
113
96
337
402
560
802
830
532
411
850
675
823
249
731
738
747
15
261
520
223
976
943
323
598
282
484
369
829
339
193
429
529
537
626
761
679
92
435
869
841
390
203
212
542
825
475
173
962
577
286
350
457
698
584
520
795
468
30
698
609
794
639
561
189
662
15
576
29
195
141
123
897
30
252
753
27
504
600
739
562
56
992
796
973
797
907
498
11
705
994
162
888
298
505
366
182
330
391
928
566
203
663
980
941
592
356
450
865
337
348
998
182
334
218
868
531
346
218
383
709
623
147
91
998
599
38
317
743
297
739
158
392
406
758
708
117
803
345
630
55
520
385
388
325
820
556
754
99
173
379
457
453
920
223
613
517
156
679
732
743
394
347
829
440
142
649
80
624
258
737
861
100
855
572
118
927
359
971
576
316
653
841
829
627
122
808
737
306
455
594
468
201
770
146
358
598
40
982
999
377
699
243
672
242
906
107
692
982
309
818
803
854
723
213
791
435
310
53
220
131
425
304
823
764
805
586
746
705
477
730
130
596
786
550
154
123
903
432
410
798
175
855
897
298
543
951
159
655
424
295
819
48
250
413
898
376
134
815
306
700
735
902
862
221
173
74
734
56
240
395
602
943
481
980
598
208
604
741
206
463
919
744
831
114
18
176
91
72
90
125
467
90
536
842
449
58
460
83
673
810
516
417
921
821
522
484
149
852
575
539
722
761
705
513
953
111
102
100
770
527
77
157
163
639
772
921
605
877
325
853
402
224
277
29
552
68
37
838
569
446
204
442
589
466
300
442
795
336
632
728
174
307
92
227
779
871
554
734
97
858
301
763
799
478
905
97
723
579
821
441
526
766
18
955
442
165
117
324
673
971
904
9
533
212
140
670
140
661
66
167
540
509
118
202
293
251
192
167
350
961
847
190
719
48
586
544
77
236
798
725
878
589
920
133
459
389
127
873
56
534
146
672
838
878
609
325
907
413
359
752
381
677
602
392
322
465
550
174
574
235
215
265
773
282
900
122
650
194
627
508
12
288
672
210
28
76
998
978
729
205
963
179
265
794
206
464
967
290
861
601
655
977
718
935
547
787
174
748
822
219
699
572
478
862
13
310
400
318
470
223
993
532
680
169
354
797
865
589
206
322
156
397
532
566
390
963
700
285
907
358
234
783
756
413
381
745
3
862
916
678
209
715
956
134
648
572
558
364
855
622
880
532
627
613
384
497
608
629
479
370
404
486
613
281
651
855
701
341
872
291
305
485
85
26
510
205
459
196
222
122
403
639
576
753
247
428
518
856
452
984
365
60
621
322
752
361
996
708
989
557
513
635
310
153
796
346
378
951
950
937
572
383
535
807
127
607
512
19
807
789
881
585
425
162
36
298
244
479
48
351
182
550
551
101
64
684
335
216
138
603
465
765
520
311
489
385
511
486
670
494
366
770
158
497
2
546
71
340
629
702
879
536
787
317
503
756
334
692
387
834
992
282
437
664
872
141
934
705
994
776
340
435
588
351
872
875
868
81
462
544
772
867
294
81
57
387
759
732
292
294
743
154
978
573
64
915
995
185
420
703
822
772
446
354
102
753
842
761
757
159
181
30
384
650
35
891
715
810
620
926
898
832
541
277
830
786
402
756
991
753
901
12
311
623
694
225
830
856
573
640
220
302
673
580
661
191
297
785
953
244
387
647
1000
424
447
451
750
437
433
283
147
175
718
385
985
29
299
412
659
554
593
845
563
728
268
333
286
285
502
605
879
650
878
58
938
206
152
172
840
187
305
175
182
126
616
442
746
827
241
425
532
336
254
191
257
294
267
532
32
78
602
552
305
239
569
272
839
769
642
517
765
125
975
813
592
408
879
101
435
526
932
8
28
709
552
143
852
254
998
957
297
37
899
190
201
123
293
279
52
508
735
46
287
480
354
432
283
296
582
282
789
586
707
266
138
990
314
128
442
873
517
508
574
237
631
125
681
554
689
695
118
407
324
290
878
180
52
658
748
33
462
950
165
758
107
79
989
810
718
353
761
215
21
58
830
5
959
316
511
853
963
947
715
872
969
466
252
291
790
266
911
442
548
799
97
914
912
778
998
478
307
937
856
814
502
603
103
902
656
636
920
32
819
631
339
954
393
426
508
974
63
768
982
267
995
865
734
213
376
262
162
62
70
947
433
167
396
314
4
20
780
631
879
541
895
962
658
713
688
789
679
595
974
975
815
130
897
560
58
591
36
876
840
132
410
345
189
593
589
690
153
265
704
866
931
868
601
554
641
901
186
487
893
69
943
74
393
814
921
993
78
770
500
42
584
150
512
197
129
808
556
990
263
549
526
937
850
622
499
331
556
209
851
851
352
13
185
66
26
713
969
197
950
914
885
856
380
170
527
860
946
297
291
201
909
359
29
253
836
921
76
239
816
156
119
960
596
909
649
202
673
606
338
359
348
313
39
332
182
78
266
996
576
832
937
510
101
574
349
904
219
250
22
114
646
999
893
302
44
837
230
250
390
678
104
302
851
385
445
97
424
192
685
678
45
822
627
77
680
21
884
585
830
565
14
703
627
297
323
999
710
799
134
835
427
877
314
49
238
534
853
83
578
947
11
581
933
256
619
377
637
370
201
169
276
444
658
200
645
481
113
324
1000
537
609
488
505
459
60
380
929
700
861
490
116
226
810
61
862
399
979
810
584
632
484
277
440
312
663
650
366
328
425
127
798
237
683
616
977
622
117
696
458
237
504
792
158
155
832
472
159
443
671
151
289
71
741
882
652
228
800
100
218
160
775
61
937
504
879
767
886
244
149
242
95
142
423
619
35
314
237
293
403
483
23
392
282
963
691
469
225
12
483
526
937
336
386
629
571
685
590
325
331
121
613
517
230
197
164
847
954
975
124
445
315
390
46
824
935
311
29
480
316
981
694
154
779
678
165
941
716
202
899
594
680
219
664
271
113
359
974
431
489
813
112
71
838
32
137
809
980
84
935
970
522
675
963
708
830
249
556
193
689
637
494
822
612
629
930
847
987
161
946
256
671
729
657
436
103
97
806
90
955
890
941
896
208
608
807
847
656
32
666
264
527
537
258
779
874
8
582
859
869
338
114
27
879
542
289
11
44
251
828
361
167
401
482
171
991
318
323
474
190
855
804
568
394
536
801
128
990
336
764
126
372
328
209
653
53
312
676
163
358
194
38
803
352
732
459
962
246
106
181
441
123
543
292
696
898
759
908
401
130
471
374
897
300
889
566
633
512
37
446
404
426
313
954
530
665
462
190
20
804
836
321
482
355
525
308
451
699
713
26
108
188
6
498
350
320
899
248
879
931
281
601
375
393
632
696
765
266
647
30
931
820
533
249
977
227
347
308
506
315
756
182
996
342
136
402
486
804
62
385
75
946
825
469
117
679
198
995
503
856
883
19
7
242
897
489
806
552
68
249
250
170
32
990
795
604
792
937
581
533
724
940
479
388
698
991
593
188
251
964
57
781
955
594
909
790
229
259
411
162
890
351
97
840
485
58
211
353
62
631
231
181
56
739
23
546
640
72
946
216
816
227
686
665
376
338
398
754
150
40
250
252
328
301
342
661
489
568
830
943
978
338
190
963
500
891
221
46
912
955
281
170
430
532
876
878
972
768
956
875
397
99
222
133
827
309
462
977
11
224
70
303
732
470
20
322
524
949
323
434
529
361
248
389
106
366
999
32
874
972
365
761
331
384
61
250
184
758
423
647
160
286
533
530
317
15
703
155
215
879
962
985
714
938
867
848
796
657
778
417
268
448
850
153
481
446
820
741
982
301
956
842
839
50
259
823
984
962
630
953
79
743
724
778
898
586
65
940
49
437
51
376
303
741
280
852
238
571
161
745
787
961
941
554
373
935
347
432
599
179
30
914
585
760
433
450
565
560
413
62
830
332
339
76
816
468
50
964
240
313
267
515
452
250
677
397
183
981
11
351
888
207
74
78
632
196
979
396
142
245
451
943
646
421
837
894
372
731
941
212
224
817
707
968
130
984
640
504
43
956
119
233
513
201
562
644
78
369
501
594
817
305
960
471
69
383
280
381
329
686
3
262
89
820
362
794
920
643
29
657
762
365
674
562
815
261
697
273
65
913
424
981
837
168
976
586
561
303
233
62
46
361
909
530
53
128
171
777
385
910
624
943
60
644
552
297
811
927
247
980
541
493
982
854
94
718
545
640
829
138
457
754
521
915
205
381
636
71
240
635
573
105
93
207
597
382
642
350
925
950
738
621
12
263
948
279
55
72
675
688
228
884
978
879
628
317
395
564
760
321
874
860
821
842
683
946
110
286
538
573
539
249
303
237
190
800
798
22
851
39
803
54
709
643
895
791
404
204
771
102
618
499
101
825
337
603
70
659
446
222
576
826
37
919
352
379
15
942
801
383
180
782
618
15
856
591
73
144
957
392
226
983
621
109
515
375
401
599
209
472
865
581
772
39
182
673
960
910
506
1000
432
229
413
842
943
483
58
216
746
801
264
324
217
19
830
560
981
841
636
92
912
240
695
878
786
492
61
695
160
709
751
111
109
236
385
632
455
862
485
896
505
262
829
224
562
929
548
741
915
551
687
291
376
202
580
235
80
360
344
365
800
356
21
646
571
503
957
844
959
718
147
715
35
559
693
852
79
622
883
368
784
612
940
722
572
96
841
206
580
672
423
13
862
519
379
474
773
302
545
856
769
224
116
898
743
428
222
663
675
826
752
489
214
659
23
682
341
469
146
671
123
104
337
599
424
706
175
85
984
163
949
471
157
612
216
901
531
356
122
546
833
457
998
657
543
580
483
314
884
666
451
883
898
279
960
103
545
252
254
596
249
62
469
499
677
561
509
177
706
770
427
760
792
611
754
567
113
615
979
332
8
22
283
546
665
792
710
995
925
99
703
41
831
440
262
668
260
773
363
970
47
929
786
804
246
529
757
324
726
808
596
282
794
780
760
866
121
321
637
526
627
182
990
509
784
832
331
213
256
271
388
995
729
926
203
897
791
64
961
306
586
847
570
84
92
383
283
367
70
31
595
503
306
260
888
226
555
270
113
361
201
374
443
837
560
892
894
510
741
550
277
728
159
975
301
43
205
24
344
78
406
809
129
369
161
779
38
57
231
484
612
697
812
821
717
378
532
257
475
139
119
913
82
944
978
280
665
289
784
761
776
312
191
316
917
549
454
246
576
386
426
344
979
706
111
300
249
922
664
288
889
194
962
922
998
213
483
103
459
52
805
682
653
583
595
744
121
519
850
233
78
313
705
354
814
93
375
974
727
817
574
771
726
102
81
222
206
364
185
765
573
220
604
376
913
170
526
629
915
376
352
727
211
115
602
569
124
331
203
641
873
951
911
252
482
948
537
157
55
288
667
212
632
838
321
183
777
154
615
323
130
508
833
478
552
194
581
40
188
194
666
28
969
119
915
216
12
602
845
868
932
627
28
760
177
973
115
495
360
280
157
407
368
450
336
790
406
583
320
231
541
300
232
80
117
528
703
814
542
660
44
549
902
429
588
867
41
726
139
627
18
585
459
893
281
259
638
635
932
809
315
462
287
582
23
343
269
654
54
911
828
31
228
19
815
596

Success	time: 0.03 memory: 37608 signal:0

1000 201
348
608
514
663
844
715
642
77
792
833
57
718
629
908
734
106
160
221
227
704
260
645
149
446
701
40
429
238
876
435
596
126
798
545
246
593
672
44
897
171
381
212
601
703
78
798
531
526
521
524
297
603
707
705
508
199
745
653
373
79
934
155
844
207
341
327
899
250
436
875
889
336
949
122
383
611
561
172
775
483
366
888
371
739
79
506
189
459
276
143
983
120
424
776
260
968
611
649
867
352
577
665
906
383
502
905
338
163
312
578
113
764
470
531
421
558
484
749
175
452
417
534
936
268
370
48
844
639
492
494
801
172
531
286
19
39
867
854
88
908
533
113
493
789
978
262
769
257
53
8
868
378
827
883
686
485
652
750
273
926
179
737
4
647
98
599
38
840
937
242
280
119
590
528
802
597
432
755
298
2
125
182
959
278
446
454
954
786
244
610
402
940
755
37
714
79
723
1
772
696
868
37
907
894
612
876
464
682
61
331
347
137
224
295
398
798
864
585
907
555
674
846
897
643
860
102
363
422
509
854
367
897
292
841
555
976
830
475
579
19
501
307
643
286
76
860
839
526
907
488
326
143
665
462
371
821
680
853
68
181
230
118
701
780
769
154
599
517
839
779
56
154
567
42
682
897
545
172
955
47
874
960
677
540
298
706
965
235
331
283
668
462
53
377
842
135
82
889
173
950
748
436
353
751
833
162
26
64
619
474
344
453
982
755
407
300
257
876
218
117
470
995
347
987
149
1000
272
715
370
152
486
150
11
92
424
448
904
774
858
727
610
645
75
164
414
77
147
921
52
44
163
382
185
579
816
615
423
521
739
725
328
513
225
432
471
211
475
325
775
397
873
331
156
269
728
43
475
827
941
65
538
286
122
408
857
538
787
907
714
746
786
239
238
889
985
123
60
223
744
491
879
188
451
816
265
651
499
711
955
826
927
582
273
456
613
393
480
595
812
948
262
238
442
978
413
10
953
877
623
212
941
294
512
976
786
273
261
197
686
469
355
91
64
183
882
320
926
331
499
443
294
510
605
802
167
106
271
946
458
300
410
155
525
474
993
44
972
62
716
253
560
509
387
34
881
152
237
339
800
276
34
894
914
124
747
445
178
833
676
550
779
861
675
486
156
707
658
549
766
555
145
780
581
853
411
99
396
997
252
853
62
828
181
860
439
666
46
397
48
550
528
362
161
852
1
718
429
946
913
917
43
217
35
93
815
170
115
610
837
795
424
701
100
678
272
598
317
596
544
537
98
840
411
89
60
813
380
209
114
536
555
95
408
706
873
776
902
285
79
148
841
614
97
967
986
567
29
917
97
94
848
437
866
812
531
561
308
440
894
354
541
804
146
266
931
508
93
708
871
584
116
376
544
957
120
402
237
973
446
628
867
240
658
807
93
692
907
467
747
425
628
648
470
480
13
146
968
705
684
802
321
272
669
285
347
772
654
750
710
841
527
213
268
351
281
173
735
993
957
807
153
960
228
461
82
582
715
612
614
819
158
18
56
413
900
776
686
785
871
273
3
310
630
911
934
116
734
346
367
369
933
525
984
984
790
843
670
506
620
434
62
350
111
22
53
366
757
850
848
357
694
591
710
203
896
297
206
309
164
653
628
214
883
79
609
453
211
866
912
904
8
185
666
51
855
247
971
267
547
506
438
632
170
818
314
63
733
561
142
747
780
474
419
907
161
431
947
72
871
71
895
780
951
88
445
760
608
975
626
771
14
948
584
443
297
734
280
451
882
782
455
821
596
95
958
442
315
737
423
333
428
102
894
559
588
563
310
37
354
760
190
894
359
814
442
18
893
716
964
617
292
245
213
767
773
330
570
500
387
560
844
253
966
929
515
14
451
923
881
885
743
707
170
19
665
736
387
983
426
789
844
4
726
443
647
415
895
182
998
768
603
231
547
139
389
309
84
370
7
789
646
182
405
553
654
597
731
606
998
736
102
755
641
47
795
974
349
663
766
908
860
170
694
879
443
809
26
800
279
383
85
450
963
943
447
331
698
511
892
629
375
601
186
81
183
216
711
95
272
995
971
13
363
773
580
812
963
147
470
525
48
835
493
700
545
494
137
982
549
791
745
763
835
370
551
562
170
723
191
557
700
853
6
976
799
897
514
310
273
483
247
955
313
690
471
732
481
991
730
141
949
547
812
712
309
60
469
166
39
362
230
533
435
272
569
342
760
911
417
530
781
310
553
170
254
388
755
101
542
439
865
294
171
234
156
445
973
169
511
859
961
833
651
296
97
273
4
338
784
251
