50 1000
33
38
66
59
18
49
92
54
80
19
24
69
68
72
83
60
46
62
84
27
47
10
55
15
36
43
98
31
8
82
73
57
81
45
96
77
85
35
39
65
34
30
89
40
3
44
16
76
51
70
1817
90
871
1108
720
2468
1110
805
1129
2442
1107
1103
1886
2248
509
2528
1920
47
1455
2050
2207
1909
312
2341
513
2340
1601
2333
1608
500
2122
84
384
1320
1100
2091
2427
2125
18
771
1036
1359
2596
2084
1456
2426
114
16
2005
2355
1403
2012
2505
865
350
1151
667
424
2347
910
1733
198
1713
500
2233
1155
2106
1061
1350
174
2634
1191
407
2389
526
270
246
123
1861
2128
953
151
2043
2310
2112
1011
2083
1033
2054
452
2393
1634
2567
812
82
339
237
237
2634
412
932
514
469
2203
996
1728
2196
610
425
855
1909
2143
598
1493
2088
1240
1531
1612
1254
1137
1630
196
1750
910
2015
2387
197
1304
2568
2516
347
2634
2122
692
1741
2075
55
1079
433
1846
2266
2103
846
1959
1955
1488
1603
96
1463
326
385
1828
2634
876
2034
1613
766
428
1848
515
2040
1856
1588
1293
2080
1890
2634
2116
779
2488
1084
829
424
1732
797
175
1860
81
443
422
1681
1648
1704
814
2309
1784
1385
1040
1786
2539
1778
1551
2013
1096
329
1787
1355
2527
953
1463
2222
1141
1948
375
409
573
1446
2634
2181
720
108
961
2624
2017
1507
2436
1752
429
2140
1298
1889
757
502
1717
2217
1604
646
765
2011
1414
1353
2106
1707
521
691
2283
849
61
197
2532
1869
2120
1410
1760
1211
911
939
31
713
2472
2445
1771
1961
2433
2278
691
245
1882
200
1322
2180
2094
472
2526
173
2329
1687
777
790
97
804
2286
484
530
495
1945
1946
727
138
977
1797
1679
371
2101
1521
1983
258
2171
787
677
962
1561
243
389
774
46
1057
1022
1227
1045
2407
741
869
2488
1439
2224
1595
893
1406
610
2236
295
1884
213
401
2000
1213
881
324
1194
2096
251
1238
2266
2334
2276
2001
1174
1850
2368
1289
2312
303
1007
473
190
870
2163
293
2634
2202
2321
150
1737
839
753
2027
617
2122
2348
2425
1802
1914
1802
68
457
1162
1646
2035
2549
1094
1300
2571
1103
1583
124
31
984
1476
2475
1779
1033
2340
269
608
1985
1323
1352
1802
2244
2551
405
231
650
1897
272
226
2025
1442
2553
1624
1491
1592
534
1602
305
856
739
368
2103
850
1771
2634
1755
206
355
2019
1823
1318
850
987
91
2356
2237
2569
506
1792
587
270
2432
2472
882
1092
2634
702
510
437
2512
215
967
1742
1846
1335
2338
1756
649
82
84
1939
120
2232
456
453
2191
644
457
2030
2370
2359
442
1691
629
610
224
1252
2216
2634
1041
812
521
268
43
355
882
1521
1047
490
923
2253
2049
1858
218
2120
1443
1482
1001
1773
2631
1437
2264
720
1099
2358
894
1177
517
1528
699
2234
1832
1041
1447
552
96
2514
404
805
1719
1703
1262
1894
864
779
2044
2510
2223
431
863
538
2575
2070
908
309
576
308
763
846
2375
1326
2338
2281
1488
2165
603
585
159
2479
1111
163
592
2259
2540
2521
2021
1975
2483
2200
1084
907
1545
1767
1039
1312
409
350
546
75
411
2268
1136
987
274
309
1711
227
1030
210
1484
1977
1049
1281
975
92
1877
150
487
906
950
1237
1946
2379
526
505
1802
1912
643
1447
949
863
2496
1252
1590
2147
2101
2235
501
2189
377
2277
1874
100
1798
895
416
2296
236
596
2430
978
2295
2424
1801
1383
2403
843
2244
2089
1518
2355
1968
850
1660
2504
1066
1805
83
1916
2612
1294
1885
117
883
538
241
2101
2411
1215
1807
2483
769
2462
253
327
511
308
114
855
2106
2484
2461
2614
950
2404
1730
2598
1784
1647
1042
1733
1454
2283
1065
32
957
478
1307
2370
1899
1982
1724
2490
921
1593
414
130
403
2124
1321
557
2220
1141
130
2039
850
1841
1580
767
1537
31
1046
1882
656
2505
1038
1681
2247
1461
2083
635
1951
2038
1694
1006
100
1595
2129
1007
527
882
1210
2511
931
1207
2325
2154
67
542
2076
61
1633
1094
399
149
1966
1988
753
1818
308
465
1592
1579
1181
2362
2619
789
2033
2260
643
537
1333
651
2391
1104
1120
1772
2498
2612
2299
590
687
294
905
2365
2145
2112
892
631
32
2442
2631
1882
574
1172
470
335
2433
2363
1725
1029
241
2300
110
1415
649
1328
692
522
2529
493
1400
2191
1293
137
5
1803
32
751
2111
2045
1757
1495
2375
2633
2301
2017
2292
2184
403
494
2357
821
1103
122
2352
1764
788
1077
1457
300
954
1257
506
1337
2267
528
20
1613
746
352
766
2514
242
924
1818
476
730
1664
1333
338
1181
1103
7
1374
345
1303
633
2233
1705
1798
111
649
1326
1161
297
1692
2570
2013
1632
2601
220
2341
491
247
1423
1185
1989
808
572
1628
2316
1800
1048
976
737
53
1557
2595
1776
2173
2536
2121
884
2383
10
2532
1577
1262
2104
331
1673
1547
214
622
69
1188
2563
1695
1187
1548
1661
2083
622
173
1387
1277
1107
2079
1248
581
891
825
1523
1373
1764
273
219
1639
1594
1507
1549
707
333
1623
2075
566
399
2301
853
1665
1663
820
253
788
232
2268
2391
726
1495
2025
1715
132
2291
573
348
580
1260
780
725
967
390
1540
412
1326
903
617
1604
692
836
2031
2493
681
1404
1880
1170
518
2547
77
2121
890
573
1922
1817
1904
938
679
1387
1170
352
1872
990
1683
1064
2095
2145
2619
1187
2281
16
2594
1377
975
244
1810
1545
2447
2418
256
1566
1341
2256
2568
1859
96
2484
1464
2184
1564
1865
1192
2511
1998
2201
1750
2163
1779
2023
918
2266
2573
584
