80 10000
450
166
56
182
442
123
19
240
39
414
460
428
107
128
385
198
305
68
279
421
229
441
436
311
46
373
260
60
5
310
439
275
23
387
191
2
482
32
20
7
217
170
470
188
87
135
476
459
134
496
28
157
477
178
230
113
33
58
304
102
164
66
203
204
416
1
137
222
6
99
365
168
205
116
407
454
59
216
226
345
12017
1704
857
2105
11179
14942
13105
9436
337
2479
2143
5487
3114
7658
13403
7604
3042
4872
14967
11840
9394
4439
13286
15088
12013
13356
14849
14190
17156
3444
8698
12440
5321
8254
11072
13136
1767
17203
12719
16034
4329
13472
380
12646
9973
14637
10994
11535
10136
14911
12215
8619
9257
513
2195
15849
17830
15748
7112
5682
16598
166
12574
2682
17268
15695
5631
11959
7243
12731
13650
11629
7621
8021
14501
10386
13488
6472
967
5364
5915
9729
9559
13430
13864
3650
8944
5028
5251
15753
1070
549
7913
6133
4622
4962
4542
10080
17830
13334
15176
5243
12973
4603
14499
2261
7749
2861
2850
10930
11859
5067
1894
15627
522
13431
11662
7852
477
7835
12541
12009
14636
7824
17485
2484
9711
14281
1275
12905
9798
12962
16117
4653
3843
5982
9751
10321
2451
12939
12284
17830
3104
838
6532
13596
4883
3848
9533
4992
5131
2913
4935
15014
2014
1312
15605
8295
11623
15995
7825
7630
13017
11785
7527
10837
6593
15729
16211
4262
13855
12861
13153
464
11811
1157
8373
17414
15916
914
11069
5544
9135
17300
10285
16733
14127
6067
3312
6980
12748
16040
14526
5947
14464
8415
17241
8490
3498
7000
13732
16422
6692
16857
5009
5481
7358
12630
17830
15130
12533
12315
14303
17391
16284
3915
1776
2113
1267
10413
15463
99
5183
6849
14200
8978
9044
7662
9039
7622
7946
7241
17390
13961
12124
8978
16550
4602
8048
7760
7120
7672
7746
10267
4255
10961
14183
1311
653
17702
9705
15450
2166
4730
1741
10255
7643
3777
2191
4298
8465
3231
9891
12216
5245
12692
12467
8053
15984
14899
4237
6095
1604
8308
943
4629
16788
15008
14614
11101
11629
7246
2369
13351
9191
7945
2517
9649
6907
6783
15508
9029
15693
8761
16285
15783
16468
164
5013
13211
4556
8525
5118
16326
9977
8877
15441
13861
9660
8545
14035
2020
14467
843
5006
3038
13675
16796
17830
16407
3321
15614
4038
11507
11176
12861
8608
12074
11432
15457
6101
6077
5285
12926
5576
8206
3985
8576
1446
3427
11326
11194
4082
2264
10960
10522
16426
11253
7598
10628
5242
4402
16025
13756
15435
16141
15009
9339
15649
302
4884
8926
1142
11131
11611
15801
8945
7373
6128
4326
2939
10873
3953
12110
14825
3891
8287
16761
12860
8418
15324
3786
5193
17830
936
16897
7892
11649
8136
6481
12492
16246
7345
17830
17830
2260
11943
896
2296
17183
9719
10408
16392
15107
5460
7166
2298
5171
13415
10204
12924
11233
15413
9869
4895
6549
2209
1319
7015
8266
15131
10474
860
17282
14730
17614
1114
14396
2
4407
7169
12481
2686
13996
9117
11431
10818
6417
656
11971
1258
1848
3885
1563
17067
6887
2158
17344
8650
17047
3390
6332
5541
3752
12683
5089
13790
951
4890
2958
2048
196
12768
13778
5920
9015
12206
10037
9228
6881
6607
10636
11903
1377
17682
827
416
12238
4945
1663
12593
6650
17445
14388
10816
263
3599
13283
7514
8597
5643
5665
4381
2570
7508
15039
12583
9972
14175
4997
1404
13438
12541
964
14647
4395
2768
13260
4358
16412
8802
16996
5776
1509
17830
7811
11332
11167
9291
1125
9274
3898
16379
6483
16972
16492
10112
2476
17830
4344
16615
13193
1620
4255
15680
16090
3128
730
313
8000
12598
6291
9764
15860
10645
6335
17523
6327
6014
12724
16631
10442
15820
11947
5001
14141
17830
16566
8899
16971
16410
8461
9679
12933
13551
10207
13761
12233
8614
1847
14582
9685
10893
17417
10847
17830
15558
8650
17590
12671
17811
12707
16468
6238
6938
12463
12399
1895
7472
1016
17830
12496
14641
7682
17601
5682
3098
27
769
1030
5952
1954
13469
7848
6128
6655
11814
11941
12062
12548
1652
13339
2697
5708
11302
10225
8068
9114
12681
579
15399
8618
12995
6431
12901
3922
15819
9487
4117
3478
7721
16726
6132
17519
2131
6385
4356
14954
11349
13117
2965
9745
5658
14051
7157
8988
1785
262
12348
1891
9592
11332
7073
7436
439
17370
12985
14871
10593
12601
10509
3522
14475
565
3326
14910
2545
16439
11503
16815
712
1151
8088
726
10196
14549
16025
1084
7720
13731
17380
4358
2129
13096
16550
391
155
8304
17570
2054
12795
16551
7880
17388
4305
8535
7838
14304
754
15489
5360
16057
17830
13690
11433
11337
14579
1052
9089
4706
8317
2871
8988
16786
2300
11266
17328
385
6556
931
15389
1375
14056
8830
5510
15149
9368
5503
12275
15217
2301
5578
4396
12770
7318
1886
3592
14585
17210
4488
9390
14743
17485
17580
16317
6880
718
16779
15466
17632
4930
10868
4479
8670
17830
14767
9414
5290
1225
13494
10712
4414
9568
10793
10355
6454
4316
5614
13258
9297
7540
3543
2756
13007
1751
1088
4075
14334
15865
7158
574
17830
3241
17244
16590
7607
10390
9421
5089
3123
12218
2332
11886
1005
6948
15301
1376
1118
7149
17437
11949
3102
4023
13667
14999
13657
630
15805
17830
15943
13095
4423
5808
4060
15808
15946
9830
13407
15850
14739
1597
17268
1433
16991
9983
17604
11540
3072
7094
11039
6780
8770
14191
16356
6938
4339
3195
14001
11368
17371
16152
4838
12278
10564
3795
10295
1404
1078
9384
15951
230
8038
1196
16647
16438
7466
674
14329
7255
15249
5718
17363
13544
9998
13621
7246
8288
3694
6810
17462
6300
2967
3970
7209
6117
15738
16176
16388
1797
9898
5945
11362
5173
16539
4380
12091
12082
6190
13509
9762
5728
7535
9316
7866
8055
13728
2277
4457
16236
16508
9193
17662
4787
2854
287
10423
14263
15069
7405
168
12218
7010
12176
10818
11526
14059
10583
4482
6324
9732
1252
15209
13068
15080
16850
2339
134
1016
868
17830
12271
11617
17639
11396
2232
11469
5007
5177
17660
15815
1536
17830
13882
12191
1879
4932
16182
10718
7290
5117
15046
14210
5053
5379
10479
17169
14223
4467
13463
9075
8516
855
17830
10883
11573
17830
15830
13416
2044
256
17451
17830
2297
8780
14863
16862
17830
9519
17287
10701
8319
4701
3358
9197
2413
8284
13985
17830
6449
8832
5253
12091
16383
545
17830
6626
15204
9124
14903
11678
3349
10120
17242
421
4657
8430
15922
9017
1130
12829
14250
8380
16748
1532
13380
6259
5199
4964
1882
1839
2150
16444
4450
5377
7361
13844
11672
17561
2930
15469
17294
1161
2586
17136
9497
3347
14559
17743
6583
19
11952
9603
16345
6803
10339
10474
8992
17307
15866
503
8861
13051
14210
4648
13081
6023
13504
3273
10506
17010
11095
11909
11828
2026
6031
17430
8269
17791
1515
16397
17830
7155
2936
10880
7066
17007
10118
6605
12421
10151
4815
1824
2034
6939
6906
295
10827
9894
1697
13186
4737
13854
6896
4196
13120
12828
17391
10096
13089
1844
1365
15269
15854
14562
12784
5190
9243
400
15437
11640
11380
5611
1857
15691
9475
17632
7202
7755
3394
15958
4248
11650
17670
6209
183
7570
9921
903
16949
3479
12623
15247
306
6517
5903
5738
9656
17830
15230
17693
13655
6770
7550
15565
3991
15460
1554
6225
853
8723
14939
2145
8967
15105
8252
6481
14370
11201
6491
14463
1348
7342
6833
3990
5928
15729
11585
9016
898
15962
11291
3545
3243
14529
14783
7590
16960
8918
6596
13557
17003
7474
5334
16049
17229
4038
751
8265
7740
1492
7623
16248
7850
1425
5012
15414
6106
3732
6718
11075
15268
494
11745
11905
17626
704
2236
6316
9853
17358
3009
6612
5358
13593
10895
14755
8810
14814
1137
14843
4663
10779
1687
3456
10806
7016
7165
3791
2277
1978
2808
8263
4064
17158
2183
6040
15948
39
15467
14338
4223
14896
555
4682
3998
11090
3610
13943
17476
8482
9212
5641
12620
14834
7597
13229
15332
7268
7474
6596
5332
385
991
9697
13120
5965
17067
744
7101
13813
5266
13831
9628
10070
813
5549
13109
12284
7671
5805
6772
13802
14772
447
5498
15724
4485
3930
275
11370
7184
9073
840
8460
258
17138
15337
11131
2794
9896
1430
8075
8693
9468
11452
4938
14809
1934
11956
13204
7790
11946
13559
12904
13395
12950
8033
9322
10452
15366
3831
15295
8904
13357
13296
17830
15246
17187
4154
5714
6
8048
14219
2925
14331
12754
3238
7771
17416
9551
4965
8436
6247
14432
13561
5433
17161
8066
16435
6290
9487
16760
6473
11435
16939
1012
2286
9392
2289
9587
2634
12724
8906
1428
14286
11300
11202
2405
7080
17400
6901
15175
12825
5249
12834
2710
8234
12760
4824
10465
11326
9968
3614
1138
2072
12488
8185
12404
11884
2022
9300
12385
12886
8855
17545
17505
5268
6893
6706
11162
16261
7526
17102
17253
5063
15149
17192
651
2928
2260
9346
6225
10423
6010
6684
2302
454
13348
11594
3753
14761
2264
9246
7856
14703
12173
16914
4206
3742
12710
10357
10444
9885
17830
17337
1376
402
12143
318
15251
15459
7617
9990
14644
12069
9942
4622
5828
7600
5671
15429
11743
17743
4015
741
1540
253
16008
9721
17170
11157
11615
334
4369
10209
17409
12376
11159
5787
1331
633
14948
10506
9746
436
12137
17743
13868
10564
3172
12117
10727
14192
16643
17149
2233
3707
12419
12105
17523
6739
6104
13479
1404
16372
17601
17830
11758
6059
16917
3483
6861
4690
4426
4428
14995
12784
1489
14664
10003
3020
3519
15500
3436
405
6497
9625
4642
1586
10738
17830
6503
13191
6822
2314
6413
9813
12933
3483
3111
3093
17630
5371
14348
15709
8176
14173
4295
6661
2113
362
4789
9000
3959
8191
12107
6829
8947
15518
15601
2143
9907
11912
1398
16087
6702
6743
2322
7041
11396
16269
15055
87
13074
5138
11778
3695
17213
14998
3708
2815
8732
11566
16878
5044
13298
12303
15690
1514
2299
8940
8808
1911
3623
13182
10953
8886
17210
3506
13833
12029
4493
1760
6327
15973
14708
16651
16964
11077
8027
10600
2976
5306
7793
17216
4223
10468
17830
16040
2855
5798
11930
15211
17105
11268
4308
15958
17444
8660
5132
17639
1927
11771
1681
15380
6915
423
728
87
547
12973
2793
15187
1234
940
6935
1524
80
16241
13785
12914
9845
4997
3348
4667
6806
12784
8540
9555
8575
12867
407
290
23
14535
7939
16783
6661
2385
1395
12960
8684
16648
14644
4774
16871
11615
16116
14571
2634
4037
13609
17830
16094
4552
10009
5164
9717
12792
5836
12868
15037
12300
7412
10174
7275
13350
2344
12009
14243
8654
8439
10511
3197
13626
3518
17745
6226
17830
9154
6967
17702
13744
8202
5788
13869
797
15891
9513
1724
3109
16621
11812
12170
5644
12995
12980
7869
5809
697
5734
16920
12537
4456
4876
8249
11683
7343
13825
6720
8286
16671
1951
16112
16455
5380
16694
7691
5940
4716
1569
2951
2820
13072
11505
932
15202
15773
15394
6391
17474
13728
10447
4370
8857
2066
4665
1824
107
5605
6340
2875
6714
7081
11035
7629
4420
4950
11231
14232
2310
10319
2182
5072
5301
9328
16777
1520
7453
11654
9179
13607
1519
889
10707
11367
7948
7099
884
11976
594
4778
4703
9476
1059
841
14619
10753
2447
6459
3086
16967
14609
12880
14659
15881
8420
15764
4614
12777
4928
3338
10767
10641
510
8577
13013
8738
2988
2001
15264
7463
8708
14279
13583
7186
9740
2369
14772
7935
6334
17120
428
9834
9454
4153
2832
15834
6905
6958
1923
1439
1236
11937
6113
4922
350
17597
3401
15987
12264
12638
11019
3945
3597
6890
8624
8809
17741
13195
2532
17830
10747
10273
4993
1994
7675
6161
10884
15905
11409
4087
15356
1600
3814
5205
13391
17252
15443
5890
3750
16165
17830
1361
8466
17143
16740
5300
8009
6266
372
3477
17194
205
15256
15844
2861
2606
5388
1993
14275
15129
14110
14783
5864
13657
10416
12776
15727
14202
10477
9996
535
587
9575
4174
15861
1953
17830
12712
14456
15179
8884
2799
5206
1861
7574
2661
5288
1073
10543
2665
5683
10566
7607
12409
938
5524
7100
2916
6336
4444
16988
8311
2241
14221
4863
13237
7709
9389
9074
14590
14638
2230
15548
15613
1967
8195
13078
6755
9786
2998
8132
1565
8781
6120
16356
9611
10399
17830
7153
7695
12558
15537
7620
13056
10950
8187
2994
11814
1400
8990
7379
6670
16843
13906
17830
6192
4144
416
10694
1475
14608
17830
10575
16644
4567
15453
1211
157
1101
10001
2175
1689
12180
3560
3510
13220
1631
15785
10995
4633
5646
2259
17830
16364
16572
16658
5560
5805
2420
14572
13517
2418
3134
7091
60
5563
17441
11897
17695
10383
1289
9950
14871
8848
8004
15594
16328
5908
5350
10468
8399
4390
7785
1455
15465
3214
6857
4985
454
3361
661
8942
13839
3676
4108
9225
1466
13664
17071
15029
10265
7288
17036
551
8585
16088
15056
10149
2109
8325
1783
2722
7230
16778
17099
2615
12177
6627
10060
5689
8952
15081
304
15797
12040
9659
9694
17830
9232
11331
2313
17614
16984
17075
15294
4566
10792
14344
6049
1607
15950
14709
5986
16078
9045
9197
4025
7641
7208
574
4265
1155
12497
2352
11797
1261
687
9888
7830
11037
3873
11295
14594
5104
8002
12580
13398
16397
3398
1763
15471
16092
8583
9214
2276
14017
12464
17830
9242
2816
15417
13881
12603
1902
10050
4028
6727
2549
8823
15665
2425
16936
7924
1621
6498
11558
6115
3391
3241
15661
2034
998
7889
11552
8472
8964
16864
12258
15530
7674
14160
11176
1537
8190
15933
9646
15034
9050
11865
1393
10782
11070
11958
6988
4105
16682
2531
13697
16493
13911
3886
12064
13217
4139
14783
1338
8436
6230
14593
4885
9121
14161
4281
1956
4346
9539
8576
6095
13161
3165
15242
5179
333
13327
13389
13157
9985
4951
13770
9345
12290
3589
7019
14633
7398
16811
12192
12319
1089
7783
8792
14784
5129
2108
1751
1999
9386
8129
2904
1610
10665
11466
5355
16880
590
4034
17830
14624
5206
1139
6629
7810
9353
3973
2351
17228
3563
12159
15400
12083
8120
4195
1259
15905
4678
7081
4809
12538
16575
6669
10559
4964
17592
10687
7076
3287
2018
5403
11653
17323
13079
7031
12309
9349
848
16126
13905
15973
15889
11928
6246
15515
2384
1199
2180
7010
15728
8946
16466
4013
6710
6488
12238
11344
2478
1004
11359
4492
4893
5912
5228
9680
6340
11810
819
11187
15075
1048
11329
9242
12198
11166
16517
4042
7115
9006
1059
1532
10407
11761
7923
3513
7029
2119
1582
4542
14948
11004
8430
15902
10962
16625
10567
8705
16306
11926
3836
14304
1597
10979
4663
11162
7655
6673
56
2750
7369
11781
536
8503
15664
8055
7601
14971
15251
1713
10490
3814
5329
1022
12540
8349
2283
1368
12535
9537
459
5126
9305
10375
7550
8029
12189
13635
2924
12484
3002
1581
5920
5065
2211
16592
17034
6559
894
3208
13631
11981
1674
5131
4466
13970
11203
5346
10405
4767
2008
4606
4029
16235
5456
2028
4393
2235
5583
12768
1888
240
12915
13585
11559
8985
11922
4205
4561
3406
4297
15958
7405
5844
14662
6984
17403
13812
12929
16669
14400
166
16384
4270
2357
4503
5167
17263
8217
10588
13869
8882
7906
8712
28
2745
1250
4432
5559
14012
16906
6632
14682
3922
16701
10281
13557
7816
13055
2130
4170
13904
8257
5269
2059
4138
9454
16916
5046
2111
14409
6978
14275
1706
8420
1104
13632
14591
6244
6950
12986
1505
10880
2597
6526
11685
7803
454
11234
2681
4141
5549
7087
8192
6809
7066
6454
5649
12512
7503
8986
2312
14355
15289
12164
9654
6788
3307
11363
1490
11517
5658
4791
14664
10447
11551
5624
16175
15336
2801
6289
812
12446
2099
1086
17648
14341
13553
7058
6204
2410
16406
17354
11295
2935
7937
2493
6762
4873
2576
15340
6968
8532
13016
8497
3296
17672
2243
15290
11061
8198
869
13688
7199
4440
9576
2331
17422
6794
6753
6361
1828
5306
1751
11221
12343
8485
7158
6559
14447
311
15320
13453
10640
3803
10013
12823
1539
17784
2168
2880
14168
12490
3341
1660
16279
9874
8873
4491
941
14282
1342
12299
4411
9542
13679
14453
16553
6833
13661
2522
17351
6089
17670
3761
10575
10032
297
2723
9100
3882
14022
5388
10415
14199
4643
13234
4581
3684
4036
416
16374
3586
5642
8128
13527
9173
5773
16566
8681
5450
10292
14745
7265
10902
8151
503
10919
4219
2507
12540
12036
5520
15073
8286
125
14317
3394
631
8249
6899
14895
1402
13392
12199
10770
9935
12893
3816
10314
16736
2397
12765
11618
10213
9185
4756
6401
15660
3384
3062
1328
3533
11124
1272
8913
16174
14609
8253
16614
10413
2624
3594
470
2320
12240
16860
12633
2220
578
12834
17512
17445
15263
762
11584
13433
1774
10703
3090
11320
9153
2117
10943
6999
11142
12171
565
14905
15441
11870
3007
7819
13080
10531
16465
1951
10757
8125
1839
17830
8881
14424
8592
3806
4332
456
7237
9834
6976
5815
3724
17376
16506
7478
13879
11935
10145
13656
9024
2183
16286
7697
1065
17096
10028
7005
11198
8598
12142
9494
4439
17001
8192
17717
4786
15210
8901
1174
1509
13707
6483
1405
11328
11655
9201
3586
13808
11880
8186
1315
6033
2900
1637
8411
2468
6836
13069
14962
6957
14338
9042
3542
11554
16651
6723
8511
6832
3592
9872
16646
17409
7007
66
13913
17538
9392
1577
16770
6508
8503
6597
7169
11874
11442
1679
1254
10824
7665
2448
880
10940
2853
6349
9760
7073
8194
4754
17246
14512
8919
365
3077
13422
10793
7448
2563
702
12312
1017
13670
13585
5384
711
2821
4802
6757
17830
12072
11892
4109
12018
7420
610
3884
10457
14216
16151
12189
16773
7657
14083
8065
16934
12973
9584
17830
5645
15937
9920
1841
6439
14921
1212
12682
2279
7059
10859
13307
4447
10333
13585
3473
3980
16227
10079
1614
14847
10663
15867
4817
12254
10440
13783
873
2278
14540
579
15426
17790
741
5725
8591
14724
10189
1684
14709
7249
2268
4228
2843
9571
16051
3507
11472
10409
8424
12329
16844
14525
7577
12304
8870
2413
16228
6745
14431
8299
3536
17149
17830
2608
2305
12426
6936
1490
5334
4334
12700
11146
8739
2237
14536
3208
1586
4022
2544
12313
10787
2831
6068
6813
4639
3055
10807
5388
3924
8436
7469
5053
16314
605
16689
9100
12295
6506
15400
17830
16093
13951
7194
5297
9357
13563
14427
1680
9747
6942
14965
4352
9837
5216
13352
3249
4219
2471
11921
11620
14835
9218
1046
3284
7349
3634
7160
6393
8226
2226
17830
39
3364
3650
11609
15787
14268
11529
10898
12038
987
6369
3051
10008
13431
4039
12089
12487
5228
8241
11637
4950
15717
17762
12605
4935
12846
13055
9985
12471
8108
12000
8036
8952
12236
17830
4489
10259
16105
1063
16014
8896
12486
8688
11807
14482
15861
13001
14142
16370
2677
1853
7355
17388
2689
2811
7807
56
12261
11670
14493
9525
7222
17830
13921
8617
15464
11108
8569
7264
7685
6576
3905
15552
2413
5958
7740
16191
6581
14061
15555
10495
6977
6034
5310
14808
10978
14660
1620
10874
13924
3001
11676
2104
4442
8651
11024
9095
6657
12369
4403
14946
303
12567
1300
6084
1194
762
12920
17829
1557
4562
8891
2093
8389
6026
16291
14146
4546
14790
17581
649
2698
12895
5103
10510
9201
11951
4451
14889
9157
6108
10002
6409
5709
4579
1130
2454
17079
640
329
7747
14578
16864
17830
8863
99
13291
3608
7303
4975
10136
8184
10708
14910
14561
16534
4625
7834
13963
14442
326
13649
17520
6636
3415
16018
9560
2525
11075
5104
3722
16156
7809
6527
1599
17639
15701
4427
11228
13120
11739
1788
11516
16237
11032
12198
13611
4589
9846
15535
8480
4526
10335
16549
14083
4200
15397
11345
2091
17316
8141
15579
282
10640
1051
1157
12602
3355
682
14184
15800
1691
279
11354
17122
11266
12773
5049
11230
3621
3944
5432
16067
12432
2920
16552
16504
11396
12368
17696
11203
9294
10839
11701
10403
7378
13078
4097
3410
6130
1439
11778
2348
1398
391
10741
3042
14157
15216
14940
17079
8409
14120
3435
15507
5302
9905
15441
3540
14899
10178
9666
11737
11315
493
7261
13149
12008
11647
16534
15044
8034
4240
4742
15509
9607
570
1603
1795
10895
234
16078
2726
12193
11330
4295
4183
3197
7201
2897
14676
15986
924
10936
12634
2574
7804
16260
1368
7912
2660
5067
15202
14078
1704
14992
7353
6643
10821
6193
7914
17830
7955
17353
11564
15500
4577
15414
4470
12362
5410
10715
3928
6299
14900
10185
7287
4565
11397
2912
5004
13484
15137
3178
17353
12335
4629
17353
16472
17251
9714
16376
6101
13740
12177
1372
2630
8454
10056
14257
11440
12491
10002
6059
8344
6115
3069
12071
5116
2546
14360
8176
17830
9046
15071
12982
1675
12718
5296
17604
8853
13453
1804
15437
10106
1042
2137
14107
3295
8446
7154
13147
4423
134
7752
14800
13706
14958
13247
4423
2228
10887
11987
11409
11384
2928
7791
2871
10257
9469
1775
9776
12494
87
14671
2370
3637
6185
15647
8024
11265
1643
3561
4978
13359
6670
170
16440
5064
13587
16568
17376
2424
8416
6601
2399
10117
11386
5226
17830
7111
7138
3938
2820
7634
9109
11825
2852
17590
17830
1970
15147
7151
17334
14840
2761
16038
5023
8355
7775
14241
17830
732
16753
15126
929
13030
10336
15397
16759
16204
9539
4542
869
7087
10961
9654
14150
7636
11968
11990
5475
4917
12840
16383
9917
17501
13744
9148
17008
9084
17059
17443
13579
15640
4161
1724
11006
3267
13772
6169
6639
4971
4289
7342
2032
17070
10854
17148
5408
15487
1702
10962
6747
8922
7309
11722
7679
9277
17380
14876
17687
833
15026
9433
198
8444
4171
14860
6298
14554
16452
8147
6168
9500
5441
5422
16912
17627
7435
6614
12864
3984
677
15929
10342
10191
4756
13465
442
12785
4750
3083
5305
994
7479
10748
7024
10634
13018
6469
6283
7170
17830
4056
5884
3447
8455
1938
15987
14943
16764
1959
13410
17830
9263
812
10098
10089
15872
4762
16499
8627
6805
13869
3885
3252
5561
12239
1705
9886
16610
6799
3026
8063
7684
13024
10488
10950
14441
3715
14576
15606
1064
582
13216
16986
736
1340
9851
2263
8290
4698
11286
12787
10243
10641
15019
7383
16228
16538
6285
13639
17448
9552
5625
1493
14368
1937
4393
10897
2187
5158
7496
1622
7251
6917
12867
10846
1082
5771
5646
15338
12715
4801
2200
11887
7414
710
3613
8189
13280
7940
788
14161
6879
5296
1238
7452
2188
4678
8000
13969
16719
15645
17590
11759
2564
11190
7261
191
7867
17012
8852
2745
6615
505
6842
3363
2700
14434
1446
16628
10025
15366
10766
7344
8799
4347
15090
14013
13200
10245
435
16976
7523
12620
9341
9091
8950
9951
5779
3584
2192
542
832
13132
3110
5905
16968
6251
9686
99
1209
16899
14133
1925
4134
14481
7239
9121
1752
3988
14751
2413
7468
9101
4777
3791
3919
1374
16927
13944
8280
17604
10421
8343
14522
2722
12928
10902
16127
17070
4243
532
6559
14545
13589
16220
12989
3372
2119
7212
11808
13169
3536
15721
14498
12275
14949
1330
16287
11284
9395
10650
8996
2778
13115
13777
17042
5646
2042
14320
4639
4249
15151
15502
8530
5988
6974
16382
16720
6810
16918
15891
3640
11209
13013
3936
17291
15768
17281
14593
17830
6475
14600
15747
6958
8075
15778
9495
4091
8001
4506
4857
13897
5541
13215
4976
17323
5337
4776
11617
12020
2518
6928
15749
6914
12413
3808
6570
17805
4571
8971
7450
12266
1875
12109
2266
13351
883
9957
4984
8969
6730
474
9110
279
17397
15754
5459
11192
2132
4228
15382
2395
6914
14325
9850
9707
9190
9925
2849
2372
6124
6065
8781
1619
229
7502
6803
14652
4978
10403
2115
237
5131
7309
7095
13583
428
4914
11709
11852
5561
7246
14201
12106
6501
3776
15195
7063
8144
17830
676
4706
8105
15536
1094
6658
14312
14329
16282
8650
9162
12617
15111
12721
6333
4077
11669
457
5319
14838
3361
10196
6857
4671
12503
7564
4148
11340
14102
12085
10284
9096
2833
5297
2128
3942
7547
752
3572
9080
3847
3426
4570
10953
8021
6384
13086
13170
14819
2313
7832
13099
9934
1782
4261
5664
5317
10493
16166
11068
12006
13549
4378
4123
9090
6497
6317
7657
13681
8298
16343
13694
13390
14688
5208
8917
5323
9596
11366
10939
4012
3196
8419
9556
242
7951
11920
11740
411
6765
3527
9342
17331
13339
8996
56
9418
13750
1057
12687
15198
2944
11235
17829
12063
3013
3988
648
14567
7248
10362
4888
11832
6310
17830
1962
14696
3914
12117
8579
7679
576
8821
16109
10024
3291
15896
15567
12080
9428
16659
1105
9361
8696
10840
6
2732
10636
4137
12436
233
2656
16359
16508
5152
3089
3589
17652
13135
4145
3270
2854
5597
13755
1287
16384
1586
222
14440
2358
12517
1927
11306
17830
544
2546
8293
5201
1869
8524
16542
11691
3361
11467
5917
16751
10605
10037
14595
8589
11520
13687
8316
14956
14773
16614
3327
10712
8100
12159
5036
6959
10004
17206
1011
10811
17830
6465
10272
11178
2827
15611
6934
3449
9201
4448
396
14515
409
11675
13392
12867
1145
1600
7058
17807
6615
14940
3610
6329
730
981
12571
1136
7550
9028
3135
7751
9476
13819
17216
6241
16890
15260
17025
113
17328
8111
15476
1349
5906
5726
15344
14563
14989
17810
11969
846
3167
5611
5162
9756
15932
838
4603
17103
15018
3973
1236
14999
17743
6485
659
1482
1996
8899
17798
3499
7384
2993
11803
4216
1909
9714
11994
5580
5207
12114
3128
9979
10235
2347
16296
7041
8321
4085
1197
6079
13423
10340
1844
14917
6412
15557
4165
682
16981
10341
4918
15926
102
8277
17095
11942
11470
2337
16319
13924
15216
11795
4502
4741
7279
13165
4245
7471
1090
9941
5204
14470
14091
11214
15832
7113
14194
15849
3927
13581
4320
2570
8959
16428
17203
11087
416
7305
2302
13116
16971
827
3516
9113
11752
6639
32
14052
14833
14651
4765
17828
8485
4186
17702
17009
14983
13679
15807
5003
203
14469
15355
13489
17388
11124
17376
14500
10003
13554
8834
839
14986
3406
3243
16545
11406
12017
7926
12011
13870
2816
14256
11760
11276
12983
4238
3048
13142
17358
14258
11390
8513
11754
10084
12425
6786
222
14135
4550
11149
651
1113
14146
11975
8507
9449
13952
5667
2137
13861
11655
13836
11264
13404
1583
621
1954
12770
893
8454
17655
10899
3266
17501
13292
2007
1794
6009
216
4153
5412
6863
15729
8676
12636
8050
14392
10004
10681
11172
17007
15884
8777
15918
2925
13067
14395
8255
8716
3083
9393
14802
16114
15801
3904
16444
4357
2943
16510
799
5141
4097
260
17464
10582
2391
15262
17340
16517
7757
6816
13636
7845
4365
512
7877
7463
15666
15201
6861
4567
12500
9226
12335
10049
12287
3251
15093
14876
6605
10214
5845
12396
11245
11787
16850
13435
17639
2158
4565
13897
5617
10486
17062
14614
7574
8299
10180
13283
5003
2529
11823
739
6323
7130
1550
15326
14061
149
6589
13976
13444
14699
14422
6728
12643
2926
14621
1559
9477
6290
10857
14069
7858
11402
5312
16711
3933
1642
1115
9834
770
9495
931
1609
10747
1703
13714
4727
15495
6142
16620
13917
16367
13525
13884
4415
14138
7756
7593
10535
15277
9093
14348
6792
2678
7996
3928
1460
3925
11163
10740
13334
8524
693
17466
4048
10162
7684
4072
13467
15258
978
2102
11683
11337
8048
1120
535
7021
11266
13741
6227
17830
16615
10294
17830
1717
15585
501
15165
5386
15175
14403
9791
12533
4724
11180
9697
2496
12759
3030
13102
12626
7811
5854
7951
7414
481
17025
17380
4280
3046
2
9591
15988
9882
6495
16275
15693
4353
17714
5133
6347
17146
5296
361
4678
5009
11517
5914
11244
10078
7133
16742
3751
16264
2992
1058
7924
14701
17435
7317
4852
8885
11522
9191
3463
9150
2771
5917
6902
12908
9204
14609
9274
980
665
17830
12832
8822
1097
16605
12151
4453
13285
5288
10349
15962
15878
11043
9262
2825
5552
12162
8219
16231
3308
15201
13761
9848
2809
2115
16055
1635
6263
6310
16203
7785
15347
12053
17140
17097
15362
3397
4519
9912
9297
10217
13001
329
15037
13716
17248
2505
6442
59
2147
12544
15631
2665
3204
11133
7196
9921
4832
15911
8870
7799
2745
5550
8391
8047
15398
4602
8082
13729
13568
14257
2790
4395
16858
3137
16780
17113
6426
9623
10827
2519
6699
16270
12255
11001
10069
8874
8752
13009
16721
222
1773
15365
17409
9208
12294
10149
11916
10614
4404
5082
3731
387
4163
10219
220
17340
5821
441
15090
1849
1550
9726
6377
13945
13477
7279
11092
7284
12253
16120
9139
5141
2905
2588
2695
3335
7962
15140
1482
13663
17355
7887
9941
32
13775
7527
3893
10469
2843
10801
6205
3650
1090
16675
17174
66
13368
9056
12698
2021
4973
14322
12304
6918
15434
2040
16326
6209
2075
4451
13933
11023
7247
3284
10877
274
7524
4215
5292
13996
16535
2763
1625
17830
12694
14998
7995
14282
2241
6399
9602
4769
4269
7845
8152
9738
15240
10281
17353
9232
17702
17582
15366
12047
13903
8985
8848
2053
942
11745
15217
574
16559
14932
6154
4751
10464
5851
229
12995
16722
12851
10520
3404
5801
6206
476
6412
11881
9386
3906
1930
5887
6585
1220
14892
16356
16178
4321
12889
4722
11800
11580
8435
44
5911
10945
4523
7886
9600
14006
10080
1802
2417
14427
3806
5554
8843
2135
6891
794
14375
1694
11698
11688
6308
11012
13268
8741
13232
13307
9987
6903
17830
8266
11369
3724
2448
6426
5545
9694
16904
17493
191
16537
17629
8250
1156
15320
12814
17450
10416
12019
6821
4839
4106
6355
7561
16767
6183
8043
10423
11259
14878
9554
10830
8127
16789
13477
3619
7889
237
11772
9580
9653
7300
16680
13039
17025
11680
17473
699
4943
3354
7424
15176
9896
11967
17520
2423
713
17292
11258
14104
2419
7989
5736
3019
9721
11682
12435
5039
3840
17179
157
249
11378
9112
14964
10135
17830
3058
10596
6774
15039
9181
15545
11018
15083
15851
5443
119
12814
9859
7706
6832
4493
10380
14911
6398
14775
11138
15889
7511
2867
2564
14239
4464
8277
10319
7670
15839
10485
2484
15389
15476
2267
8392
10341
4006
3014
12211
17421
377
17277
13837
1448
5110
9100
1622
11785
1263
10375
6817
8063
4391
13226
17031
6228
6314
13367
3810
1898
1103
17830
14566
14838
10908
922
643
7705
4613
17072
17216
14025
7591
14624
17702
6647
11038
10413
8194
6546
9815
9974
16223
10758
11932
16106
10443
5689
6701
8472
15344
9837
13506
2970
9962
8413
12667
646
10497
3423
12117
11048
11355
10437
4456
15982
7956
13313
5960
13235
13615
3334
5273
16468
7629
4276
3338
16975
12400
11727
7395
2217
1486
13787
7463
1446
6011
14201
14769
8564
11319
10729
13842
15743
18
1755
12739
9752
9917
9789
6204
7671
583
15810
9862
10682
11832
13713
15491
760
2932
15036
436
15
15006
11571
15326
5566
14072
9017
1161
2074
4904
10585
2463
16838
4437
17160
3521
10782
2255
10236
14104
1712
13116
4375
15925
7030
7583
10338
13218
11858
13152
3077
921
7520
12976
2815
10328
4920
14022
4620
15163
17094
5688
10618
1529
1959
2059
13780
6048
1716
3311
5034
8755
7611
15554
7548
17131
9353
775
5088
10453
16911
13025
4287
919
10061
7412
1200
15634
16147
5730
2988
2270
11689
302
2035
7758
3845
7882
13365
14273
2352
12133
17081
4806
15775
6275
17803
1578
12289
11638
14219
6091
7521
16546
6985
5094
8608
4604
17119
546
16226
5042
12296
4534
5092
8362
15043
2754
1459
7371
16273
1435
3558
5902
16721
15164
5376
6143
13983
13713
6130
9660
3454
8786
3564
12344
8492
167
12958
11913
9002
13908
16343
4906
17439
16205
7740
10890
5162
12135
10424
2881
13307
9169
3897
7502
6058
9319
4323
11479
6798
9730
15823
12316
10579
12022
13214
12981
1447
491
15194
3952
7948
13161
16552
7527
2148
12804
14207
10039
15311
5617
11161
47
726
5202
5024
3440
15665
10451
3425
5091
16100
9675
16881
11750
12276
16783
13717
4847
10822
1350
1810
3715
4214
2968
1273
1005
9376
16710
3675
477
9797
15107
3749
8554
4529
14211
8248
4428
13947
3012
393
2111
11246
5944
11027
5862
1224
15078
2827
2139
6492
15925
5216
11133
6020
15816
17093
11264
486
5752
10232
8658
722
16592
17772
9649
5562
10338
7790
13897
16795
10106
911
17120
6847
14762
7842
15257
3342
15433
2162
6231
265
3533
8619
15211
14935
2038
5505
15617
1557
14584
1171
10981
15983
5350
15233
10162
13825
17663
1443
8169
6011
5113
6933
302
8283
9512
5830
13226
4774
2860
2067
758
11177
10564
9200
16662
2909
5218
12057
2505
2927
10261
12840
12680
10856
6568
12959
1330
8049
17420
1695
13384
17627
3759
614
17037
2181
3818
8349
6456
13275
14653
16227
1081
4028
3150
3826
12952
10913
2140
6669
4887
14906
11715
17714
4000
15936
15652
9349
10869
13004
4862
7150
3239
4511
10366
12438
9383
6434
13376
4166
8848
509
13536
14676
13745
6649
4298
12154
14545
8303
402
3940
16806
639
9073
1302
14360
13402
4586
13316
14567
15700
15875
14518
15584
6110
10116
6058
7874
14500
15610
11656
16822
296
7880
15214
3846
3238
12509
893
17428
12382
1194
8749
9639
3850
9928
5984
14943
4378
4015
14912
16149
7165
4839
9632
5086
17185
16318
13224
8176
7720
338
17488
11279
2576
4548
5958
14709
11371
9777
9167
12099
6688
2278
2780
2192
860
12798
5173
11489
17773
1255
16951
6212
4448
15289
8219
14499
15954
9083
59
9120
8204
6226
6673
15903
11296
14620
3246
9644
7314
1091
11117
14266
771
12972
3628
37
16965
14241
7992
12019
12234
9852
12823
726
11421
1377
16922
7658
1753
12774
4269
6544
6104
3364
8359
11564
12554
5163
3477
5770
1552
9544
3481
4191
16248
9694
9700
9198
4308
16325
1426
6403
14168
9805
1891
14414
17061
15150
5272
12021
6543
760
5646
4364
6276
5168
16820
13100
10816
4871
8788
16705
15440
4775
1621
183
13861
16572
368
7568
7694
3270
2499
2773
5673
17061
7031
15625
264
17568
3760
6765
13693
16624
17
16718
526
1790
1831
7414
11326
8662
1090
16282
2291
6092
3660
16456
7615
17771
973
13941
4709
17734
11840
4444
9967
2259
3299
1618
12264
10195
3406
11406
1547
127
1717
16821
11104
8312
9724
10986
5088
225
16292
11140
4449
13311
9526
8786
14952
10381
14804
1834
17658
14243
5151
11013
16241
7290
4068
15406
14659
14384
16510
16564
11271
7058
5456
2611
8283
15727
15737
14678
13922
16889
15137
14227
3217
10822
3871
4824
4969
9470
15704
6518
5400
7145
7925
16887
11978
9269
8364
319
16084
5422
809
3034
614
10970
5813
309
1902
14717
12741
10486
11767
13766
5642
2964
13304
4288
72
3526
5945
11836
11729
4583
27
16862
14236
7895
7014
3891
17634
4010
11137
5561
957
3947
4504
2624
12975
16387
8923
13780
4531
9476
8358
16622
16131
10878
15056
15449
222
10782
1023
13310
15276
17549
8193
9895
3265
12432
1346
9393
12981
7165
1927
2956
7928
11670
14851
7480
13256
2331
16210
5730
15258
4007
2781
6377
5439
13670
10300
11399
3923
7890
6093
2781
9770
4858
2389
17694
3680
7157
6248
733
3969
1382
10335
16942
14059
9195
1897
4935
13511
5513
7275
13031
13990
11729
8497
13387
10101
11682
17798
9530
10133
14158
6821
12662
9847
14423
11213
17407
83
2082
3357
5595
11937
3518
5428
11522
3073
6897
1027
16303
5270
1343
11618
10311
820
11453
17276
5083
7801
1761
7710
14388
11919
1676
1525
6756
13175
14199
6115
1958
12865
16246
9116
13676
8033
8128
2121
13633
9378
4952
11824
10714
17314
15198
2930
4516
9842
11385
6247
8352
5322
15666
6070
17126
6350
14807
113
8396
1047
9067
1174
11531
5917
11123
7452
12397
852
5887
7475
9896
8999
6352
4843
5245
1061
4868
8853
13096
2048
340
4275
14972
3878
15641
14971
16719
16757
8231
2044
3110
6379
11198
11731
5617
9867
67
11379
1810
12520
541
1763
17304
7114
11996
9915
18
13997
16963
13735
15812
9975
4087
13069
10797
11409
1865
7770
5647
10947
6856
12760
15628
11114
12788
5975
13348
14165
17444
6837
14043
8860
16763
1384
628
4389
14059
14027
3190
1436
14809
2603
14962
12762
4169
6310
9233
92
5628
11598
5985
827
9987
6821
4458
1277
17318
6314
15112
6430
13433
13310
8768
15036
12116
15844
13521
575
17214
2506
5682
17138
7836
6806
4550
1641
12441
5399
8213
1795
10497
6419
6247
2689
527
17298
15972
16856
13203
17283
2553
6608
12401
7784
10236
8698
4051
13321
2090
7174
1231
15238
17052
12779
475
15308
1835
9988
549
13323
15118
5274
11929
1885
16692
15004
16379
2964
3860
7712
17006
3189
12556
315
5056
13691
8813
13920
13780
2031
15389
6046
7434
12720
11156
4704
1949
17474
16397
8175
8465
17578
8943
106
9777
13071
11525
3474
15299
5429
654
6038
4637
10530
8174
1763
1582
14025
42
3618
7445
739
5641
454
7594
741
8733
4793
12830
13103
2773
5733
17332
7620
10991
12191
120
17398
6303
14686
10597
6471
1366
16135
11147
11568
2182
13600
15481
1852
9565
5379
8490
7960
14300
5052
7408
6632
16375
4550
15420
2912
8882
5658
1916
5152
1677
8956
6203
4088
4235
17326
9757
5667
17443
11701
11860
8663
5271
2678
8073
13668
9656
1452
11162
6460
12168
3738
2227
4238
5342
4233
10028
16623
8643
15632
6010
9653
11474
3969
16954
2886
15490
357
15973
10578
9626
13596
13318
17561
12074
11830
9241
13710
9068
223
8090
12469
7515
5698
13075
12754
7588
16569
4745
7087
2490
1753
13786
6902
13102
13594
3717
4265
2423
11288
5184
12747
6968
370
6647
14148
7592
9500
15641
16284
17428
5914
1013
9266
4906
9662
4850
9687
2958
17633
226
5963
11541
15353
3777
14408
15204
11526
5976
8998
1962
7054
12983
3728
12259
1623
7412
15441
1078
3735
16328
12177
568
4155
4326
10510
11462
13989
11497
3413
8597
4433
3912
3416
1258
25
1143
4329
14068
180
17434
9133
10507
12417
16640
13784
2822
12411
10595
2705
180
2904
14748
11900
8920
660
939
1027
12825
10501
318
13881
11026
15526
2733
1461
3844
210
14216
16827
1778
8106
7506
8833
79
11256
125
8447
10301
12254
10356
12224
4951
15073
14658
10992
5729
5213
2389
11141
14488
2759
4186
10403
5632
864
9913
14156
11707
1201
3529
17763
6619
6124
12742
14881
8183
16984
5387
6054
16429
8481
538
3398
3246
974
552
7141
14456
476
6940
17606
619
10112
1060
3628
3713
5497
8548
325
10964
10939
14951
11127
2331
214
7053
13031
6453
4609
21
11695
10665
16008
2882
11907
9176
3922
13320
11817
15367
3634
5205
11394
8375
10494
11365
12685
1959
14951
5295
8753
2364
7702
8842
1890
17676
3409
3903
134
16439
16934
13766
16775
1870
4987
14796
4552
16606
2575
10696
11057
11071
8348
17361
4829
6145
4199
8667
6686
3156
17159
9521
17179
745
2074
11009
483
5594
13560
14540
8673
6887
11446
8627
8210
9403
8454
6271
3940
15006
2010
894
12963
9611
13416
3188
13877
2725
13693
7688
2375
1040
14933
2257
993
2686
10020
10111
5690
7934
4139
11577
5418
260
640
2087
4325
12871
15373
9702
9674
13575
15859
4576
16019
3778
8270
15132
1335
2278
4811
8047
10999
3781
8547
493
1088
4621
9554
15053
15905
1261
17602
3866
2549
1766
8106
10782
3880
423
14316
17076
17298
13844
5107
12802
10655
9872
3262
16900
7963
7525
15668
9442
12549
3067
15423
3205
13379
3301
16266
4728
2036
13971
15178
11984
14125
11263
12247
12222
7407
9432
10517
9722
5610
9634
4713
3232
2411
9829
15540
4955
4819
7184
3700
3835
11864
7743
14762
2235
1547
3444
1721
8063
8918
7749
13653
447
1800
4857
12985
3678
8452
17813
3244
5662
6341
16751
4561
1073
7345
1038
4663
3062
2346
13177
8123
6341
7074
9897
11871
12889
12367
506
4936
1984
636
5417
17536
1972
2426
4897
366
16556
10934
16894
10585
5423
7399
16501
8570
4839
14993
4142
8946
9551
2648
422
9349
5361
4304
10604
13542
7022
6805
10939
1028
16036
15398
9260
13036
12689
1910
9865
16408
8759
16882
9003
6350
16401
2216
2849
2988
7198
14311
8247
8469
15694
16540
11861
3856
3364
3188
14815
13165
11689
4824
7123
2776
15266
1022
433
15141
315
176
1730
12566
1045
16387
15652
8026
9382
12369
13830
6627
1617
1838
16393
3677
12928
1587
17806
6045
13993
7391
6637
16110
10826
9266
1022
6085
2281
12692
4412
16616
2646
12692
3023
7078
5769
2811
6280
15797
15437
849
861
3895
15920
4605
3449
5844
11853
12745
16059
6444
9101
12856
10905
13703
14506
15511
7046
10828
3810
11191
14044
15898
8781
3982
12543
9504
16986
8738
5523
3833
10376
13034
845
11193
11723
1522
5209
14887
12779
11157
16286
1972
4085
1543
7832
15766
16528
1795
681
11711
11790
10040
17242
16102
11445
1087
14996
4641
14463
8990
15286
14818
5604
15568
17748
13078
15014
15858
15618
15453
13557
5800
11255
8023
4461
1814
15067
1664
4843
2916
13034
9495
14581
15447
16576
14573
12207
15480
803
7574
11165
8671
6123
15457
14871
1382
17509
16459
1283
14426
8720
4613
8005
10753
9698
16079
10013
14461
12934
7025
3849
7317
10141
8310
1909
9406
13312
11614
14425
3935
16439
8032
8524
10595
2969
5097
1634
8458
11451
12762
3408
13054
8011
13823
3524
12863
3710
10411
15422
15169
1442
3011
11444
6154
7905
16428
14238
11482
7236
9724
10480
5101
17476
15218
15959
8940
13868
8708
14506
9929
13583
1362
15270
5944
2492
13345
5898
7857
7587
4878
11933
8956
13550
9103
621
5009
2434
8897
15162
16810
10509
16967
9320
15037
14157
16894
17607
6085
15642
2136
7444
179
3085
429
3865
5552
12144
3751
8259
11511
5879
3839
3994
5782
4705
16011
16953
17003
8844
14367
17460
14364
9829
14939
7177
14624
4298
6900
16065
11094
16540
12151
17003
14560
10120
7737
14475
5868
3047
17663
6978
17480
5747
13399
6932
1435
7730
1027
14344
10285
1661
12074
7602
17561
8825
10256
2758
10670
8269
12025
2681
5354
12849
5334
7173
14210
1902
16258
13314
5174
1536
8790
12222
12577
12279
12218
7458
1229
7877
8659
12294
4380
10402
1742
422
15988
11537
16489
11920
15104
16081
630
13075
827
4792
14642
4880
14179
17439
4656
8084
17743
7798
6636
4751
12383
17523
14627
5735
14761
5417
2402
11208
11043
12575
14065
13091
3491
4263
5209
13344
8929
10685
6001
10790
10358
7227
532
13544
12071
9884
5960
5935
4993
10537
4508
8880
1799
267
2421
10375
2079
16644
5888
9878
13565
4358
1245
16707
10738
4512
6197
16449
8217
12295
11387
5864
12644
6862
9365
11139
14542
8684
10491
4409
10717
5169
15722
2799
12952
7318
7822
10763
15173
10793
7580
17102
2786
4072
2914
1036
2099
14980
1987
4331
12231
11276
17078
14500
9388
3745
9761
13487
2409
3782
12685
4962
15994
9214
2274
16334
16930
12626
5595
12026
5272
5806
1274
10815
11243
8340
5847
15376
8297
8129
3262
11064
5659
10795
14221
2694
14882
4218
4782
13753
7449
10594
13577
11478
16650
12444
6498
12745
15847
6724
8956
7631
15930
6943
4963
4901
2560
12608
10972
1849
13548
7083
15997
11414
13588
1469
10749
5675
1
11919
6085
97
13442
134
5267
3656
12851
1957
15551
9566
1226
1110
10060
15626
12998
8510
12247
11934
13100
4534
674
3723
16468
7269
12602
12162
4801
1733
17647
379
12661
6335
15216
12750
10088
10867
17000
17665
6631
5854
6976
6643
13083
2739
4557
2560
16398
14662
12742
9903
10162
16561
4492
15951
17458
6688
4780
8546
14771
1605
11263
13226
12782
15022
7674
15342
17052
3178
9123
10750
10387
11695
15352
1749
2479
14166
9132
9098
1031
14822
12250
13797
10251
7719
1985
11480
10273
3203
14875
7629
2854
1545
15301
13720
7268
17354
16983
13750
2247
6726
2555
4833
11886
3004
6944
6286
3417
10719
15477
10696
1051
16939
12749
9806
12900
5720
6172
5567
7680
5208
2330
13336
11397
11918
5660
15354
10061
2413
4883
12695
10724
15459
12368
9795
13299
12009
14062
17382
5809
13889
9450
15167
6944
12472
16765
2902
17623
12198
15185
9723
3753
13478
8262
13840
14247
5946
890
11186
3209
15899
2311
2324
17333
2578
3605
6921
16607
9415
291
12206
847
4492
15687
5237
3966
16487
13288
15596
4862
1712
10877
1613
5771
9123
424
7158
13836
9550
403
8129
11512
10016
7112
12773
1688
15582
10029
16864
9446
16405
1738
14925
17695
16366
11619
12512
17225
12921
5019
1965
4421
12531
12136
4842
12875
7555
10414
765
7815
15976
16323
706
14328
16029
1475
13890
4997
3655
13552
14806
12024
2078
4988
12397
14794
2315
8860
5430
5637
3345
419
6469
17265
8388
2869
11520
15191
15182
1669
17122
6870
14388
7303
7791
15780
14520
507
6458
17315
7542
4166
9384
2368
9290
17684
7932
7574
11912
9147
10568
12830
6750
15666
12082
14320
2231
8972
3833
10319
16437
9256
3273
12482
9515
17830
10351
3981
17749
4581
15347
4909
7259
10872
7382
6428
15106
3176
10604
13340
7632
16180
1597
2602
8094
14156
4082
15373
402
10034
13525
10119
3775
8856
14052
6880
9946
2810
15417
4629
8925
10610
17344
682
5190
13732
16028
12259
4077
7929
16582
3524
13887
7906
1245
9370
12164
10404
7963
3160
17755
3803
7324
15488
13446
8595
1305
15532
1403
3115
7428
2623
9457
7953
4938
17365
9547
16988
12326
8665
12760
2793
13531
4503
3291
14320
16696
7090
8596
11234
9238
12933
4250
11192
8840
6320
10246
7125
6819
10951
703
16543
6271
16462
5572
6456
12674
694
3713
15281
17579
7549
1984
4408
16603
6873
8933
1719
6218
16874
1545
13744
15469
5656
12860
2086
11996
14388
1432
8343
3123
12292
14596
7808
16036
7300
1161
2722
8294
17771
10899
2719
9885
9742
4905
2290
10932
11948
13470
15217
17465
1126
15294
6665
2255
15631
2209
31
17649
9785
6887
17596
10949
13720
13945
12410
477
15539
4237
17723
8502
10880
6072
15935
13528
16942
12961
1862
6889
7177
9394
5768
10820
10170
10026
17492
491
17021
11069
14903
10279
7491
841
13692
5385
8978
9262
6604
9780
2816
10736
13558
5046
15224
13753
15435
17257
13837
10807
1798
462
9670
3211
8926
10799
5337
11384
4899
11937
9286
11288
15130
764
8600
3057
8572
17716
14933
10539
14640
11683
10639
4976
10504
6279
2726
2915
10298
3582
11070
5093
10445
4715
13283
15166
3807
10919
10174
12261
3700
13706
15140
5753
6367
13811
16837
4885
15047
16612
13917
15262
11640
9793
6196
298
11622
7621
2289
7182
17684
15362
12679
8480
12086
15582
9104
5783
17698
13367
2817
10611
1582
12402
6235
2522
11973
15845
3194
7332
8122
15070
12528
7064
14731
7897
13948
560
3042
14086
13818
13585
17114
10168
15865
16860
10944
7476
6308
9185
14162
4984
5402
15559
742
227
10256
12501
7963
4162
1959
16933
15298
17384
5209
4907
3445
13364
6810
9344
2565
11258
7129
7208
5238
7715
696
11845
3158
3961
843
13888
11111
2240
12367
3890
12067
10964
6640
12939
8189
2064
7897
15271
17372
9090
11148
8902
6537
10296
8282
3065
8598
10327
2359
1284
6845
10145
17633
4524
5287
13218
1402
13631
15242
7180
2474
483
8490
12065
4903
4828
1689
15664
8818
5478
15949
6945
4955
7714
1795
12505
5825
1872
7062
1433
2095
10874
14149
5536
1074
9094
14807
15686
158
12532
6845
2631
2683
7940
6066
2021
10454
2232
14646
17067
16524
7444
17367
5353
7697
1951
12581
13142
14988
13546
5884
12409
6671
14557
9819
9534
4572
7122
13726
7392
11975
16748
14867
7714
1034
5336
13817
13587
2340
12528
1778
4331
8633
6138
1373
6309
2809
1191
9592
11696
907
1034
4798
7546
1579
8214
14317
11859
13917
2424
1423
8398
1240
9195
17483
17281
9447
1164
16230
7581
15993
10983
11435
10443
17289
1447
5649
16474
16289
2587
9797
1582
2452
8051
5703
15972
6098
5205
118
11064
12600
13278
12628
11682
16937
10812
17527
2711
8420
8354
17527
513
5512
6364
17605
11027
8597
16187
13509
8341
16542
3447
13475
7600
8604
9998
5583
7088
11848
7949
8918
12952
6499
6348
13303
3476
2913
3135
4508
8766
7665
6700
10272
12560
4545
427
2993
5295
6947
13805
666
8112
15199
4937
5591
1824
17123
6633
13156
2941
7449
8726
11315
11103
3736
6112
16464
10509
10703
3493
12459
449
2351
8784
845
5188
11625
15998
13368
17406
4045
5966
14216
16297
13429
426
6172
5140
17631
2744
4117
141
13878
3222
4542
7467
16560
6584
16777
9381
4462
10035
2833
3053
14721
8737
5173
12294
11755
8242
2003
1342
15054
16539
10946
16274
14448
3697
3628
12346
1007
15445
14858
9625
17250
10168
10709
1678
5295
9148
4458
11422
773
10040
3806
7756
16585
9343
13951
1241
1939
12398
12695
13636
3210
2258
5789
7006
16458
8202
6603
12295
14405
17319
12293
2004
16840
3902
16149
6401
14735
10092
13088
312
17045
6371
11843
2760
13719
12076
16654
15358
14424
5121
11296
1530
6651
17304
17102
11170
11887
3206
12481
1116
7691
5991
55
5904
4955
2242
7419
15283
17507
72
5079
6426
5225
5059
7872
11628
13696
16708
1290
10504
12817
1491
9257
9367
2842
17379
14935
7430
9111
14270
5305
1245
1923
135
16155
13618
6749
12847
62
17634
13809
1347
14462
3228
13867
2889
4612
6993
6929
16122
8991
13702
9557
13366
5512
8720
1540
866
7117
7609
10180
14187
2881
6127
10408
2813
4165
2520
15744
7347
10123
9546
800
14088
16098
17106
2823
14733
144
15119
825
3910
12497
10079
2742
9427
15284
10553
6449
8325
12480
16890
2106
4400
15377
16598
6863
8766
8162
11629
6633
5245
11037
11514
5190
1551
1368
12995
2292
9133
9508
16833
9217
9850
2663
8938
12495
16472
11786
14836
1415
4588
11542
4527
1602
9472
14903
17782
12543
13305
7115
6950
14878
14104
14054
5711
357
16171
6878
11907
14211
2780
12241
11527
13129
12684
3346
5973
1026
7239
14343
14497
13897
11210
8656
2135
10093
1185
6773
4113
12707
2114
14887
3982
16588
9017
2062
2426
4458
3533
8544
4023
2149
6986
11650
2057
6549
14445
12327
15337
8234
16811
7483
7336
7720
9443
6728
17669
11503
536
1027
7834
3540
3242
9901
6332
1806
4148
8247
17452
12646
7765
10456
11391
4798
11828
8890
4016
13057
13835
2517
5454
1650
9904
1278
3628
7308
2981
12327
3143
7861
10003
4891
8048
11164
1171
15378
13157
7664
16872
3756
9636
9976
13451
6163
1715
1550
723
13711
11603
4704
14915
6107
3965
5098
15130
5744
11137
15472
249
15628
13702
9265
17370
15664
8445
13749
14483
1979
2754
16487
12709
14072
15479
14458
16899
15847
14626
6182
17592
6804
8299
11780
6708
12588
13641
1971
3459
10764
2431
7533
11817
2554
2667
2288
5885
2056
9764
13486
9116
9946
16196
15584
10369
3984
7091
17004
2342
23
15817
13471
10057
1773
15141
11008
11112
7632
9940
14573
10078
5823
13185
4022
3207
11175
14758
15535
9516
4039
11993
2277
24
12367
11165
15425
1467
12963
4905
11852
14787
8262
17595
13338
13953
6200
17398
521
10122
9782
3350
406
13294
7972
12971
1491
14696
2792
13598
10023
2226
470
6857
12482
3343
5767
884
5710
7918
10158
14961
1377
7743
4392
11287
11718
14499
8587
7589
10322
1603
120
16012
17027
4326
4484
11048
5126
8484
8601
3895
7260
10625
7921
4807
9381
8328
10699
351
13582
14608
8380
16953
16200
11287
3807
5247
17160
12415
3082
3194
12569
4475
5997
2945
4655
10005
6957
1394
12445
10640
14561
14263
1047
11111
13700
2618
14622
15835
16946
1428
1253
4208
7019
12792
61
16652
13778
8457
17810
4818
6294
16637
3904
338
1408
3868
4223
16635
5896
1696
5191
10907
14282
12838
15279
4091
7823
14613
5463
6649
5195
11559
14324
16811
880
7840
34
12269
4239
1968
3172
13403
12424
10117
4462
2929
13835
9249
14788
7806
8520
10114
15031
11790
4672
4304
14456
8599
3851
11929
9157
14431
6051
6076
775
15834
15777
787
210
13046
17173
1566
315
1765
7394
13704
7348
993
4018
1445
16530
13627
5912
11645
16525
15544
7792
16938
6867
10101
10866
11081
13857
11081
101
8404
4081
10497
258
16480
17183
4733
12315
2835
7249
1149
1080
5917
17456
14434
10872
9230
2452
8585
15013
11828
12411
3232
2139
7128
4339
15331
15496
9249
5199
13461
5707
1175
11370
10226
5728
15429
4699
419
680
8963
14462
14403
16555
8624
11101
8338
13179
23
16506
9820
17338
2806
854
16827
9630
10955
12072
11134
10332
15239
13023
3407
15947
16345
7324
7719
5743
1655
16149
3634
4846
15165
3821
9787
4772
4458
15181
13588
10255
11652
3602
8874
4363
1043
8213
2426
17171
4847
15766
9987
2017
9699
14969
231
4134
17175
14431
16358
13287
14178
2329
4328
9413
7788
2899
17208
13206
11293
16015
13496
11323
3758
2914
4651
16209
12464
3178
7273
4468
2195
4092
17728
3997
11855
2394
4311
8479
7195
5014
6771
2749
17403
6169
7203
220
6037
2878
895
2210
16837
16526
4440
12835
630
8610
9359
15074
5
9791
9783
7578
6064
14862
11227
6703
16759
13034
3584
3686
1371
12193
16909
11452
14742
9825
14563
5724
15483
12559
15379
8276
6581
6412
11400
1026
4482
15142
10660
17366
383
10017
6635
647
16995
14545
5625
17450
7526
16030
2723
9487
5080
8779
395
15896
7123
14633
13975
1278
7166
10011
11341
5829
7393
15250
8491
17015
12596
12387
3601
8892
346
1230
226
8388
12200
15556
2666
17368
12300
14516
1826
14830
5278
74
8134
10393
15795
5749
707
7620
7530
4879
13105
15499
10156
5973
12380
14444
15830
9351
5950
4990
16203
2777
1748
11369
6057
13476
2162
7996
11897
4507
7108
17577
561
12008
11792
2685
16130
4468
7165
17261
16815
5137
17294
2586
7368
15246
2762
7285
14113
3520
11270
15002
14294
10940
15089
8453
12660
10913
10790
5280
13662
15088
6156
4948
7596
3336
16984
7956
17249
1622
16095
16944
10047
122
13620
4780
13776
11737
1644
16423
17497
5882
10850
3235
15286
17491
152
4112
427
2725
11599
7788
5259
6458
3683
11471
4098
10025
4413
2733
13736
2131
10000
5054
443
2116
7233
16761
3227
550
13937
14693
10307
6187
14047
9258
12545
14288
15074
7914
6100
11846
6415
14221
7035
3186
10759
15132
3344
2849
14002
10078
752
15850
12770
7853
10309
13668
9182
1243
2808
7691
14495
12822
9076
9026
16098
4247
17009
9904
6586
1528
12937
1467
2841
850
7964
13544
4378
8287
15446
5617
15382
8425
16851
13314
10370
17743
15450
17275
1672
17051
15065
11957
14566
11165
16623
13832
14657
7653
6642
1732
240
5570
11892
16712
14588
12248
1402
7737
1203
7690
10176
3232
1455
16779
5567
10196
4113
7734
14342
4258
17178
14756
12822
13308
1893
5933
4845
3527
1636
4127
257
14820
9024
14551
1092
7568
2075
12635
1377
6913
2612
10088
6118
17356
1881
5165
8876
10085
12373
7465
16894
8299
255
5325
4282
11417
312
1125
8299
1042
963
9329
1105
14474
967
15551
462
6419
13263
3668
12779
16693
6778
10535
3613
13455
4053
12101
6795
1529
15254
11678
8957
14977
6932
11974
168
14710
9591
3662
1301
7317
1814
2966
7321
13144
1863
11044
15244
2345
15041
2710
9963
9314
17488
9382
5033
5733
10483
4667
11486
6766
1676
13393
13324
9193
6587
13584
8235
16989
4590
3562
7049
14205
4145
14912
14299
3980
4329
10135
16762
5680
6702
5746
12028
6686
5470
551
12355
14077
7222
1311
6542
17556
177
1460
12086
6775
11202
478
11389
15514
12995
14641
5585
17552
15229
5282
5553
3839
14113
5607
4090
10982
2339
3802
8228
1025
13388
10877
2422
10865
14602
3364
2190
3082
15209
275
13218
3720
6949
8755
9226
9625
3681
15190
11482
17534
5830
17680
10716
7207
3979
6364
15856
17240
14902
5677
2907
4733
450
10358
17264
2122
11561
4028
7019
1088
14693
893
13258
1885
10943
3603
5417
5967
14843
11523
7321
3014
16612
14639
6774
17546
1467
12678
9650
9776
4492
14948
4026
6878
11926
11634
11754
2077
13904
10170
14311
3812
5718
16501
3265
5699
10901
2440
12984
10086
2483
5565
7609
7579
1709
311
12020
1457
13548
3523
13441
9574
2378
11397
6944
17338
5233
16827
8474
766
2480
14924
13324
15739
1153
12493
1199
12939
5245
9761
6231
5321
10346
13635
5984
4440
9087
11066
10442
5316
9905
32
16512
3861
15824
4699
15221
75
8509
307
11896
4596
13958
7032
7160
4912
17705
4550
16853
10869
7598
15241
11472
8458
4639
5823
17274
2840
2512
6394
6028
15837
14263
2534
3395
563
13839
14327
7328
4361
6923
13428
1091
2853
12071
2516
3645
6723
5807
6518
982
10780
13766
6271
629
2062
8332
4332
8902
8452
12309
1355
4021
284
3409
2528
1179
6832
15804
6396
4130
2535
2015
750
11107
17671
376
7730
17248
2950
921
7291
393
7687
10222
11342
2625
4297
7791
15726
17445
11942
9724
7382
2514
2997
15856
9556
10275
3441
11794
10727
10915
7758
2773
5397
14609
11269
14404
16000
15002
16880
13995
11620
13249
8802
6752
9831
6346
14010
17422
9067
12067
13619
11857
3216
6958
6640
4221
7302
1061
8968
2964
17177
9319
3438
2373
16201
13490
6349
12413
10310
1800
4749
17251
11444
4176
11735
8250
8494
7025
5226
16930
11740
402
1268
17491
1465
1304
16696
14194
10445
2244
8551
17450
270
8147
3481
12689
17146
14217
9910
11525
11365
2711
129
2766
3819
9233
11643
11778
6368
14009
15096
4161
7578
8109
6688
13169
13146
14451
2934
6635
3363
6063
14998
5980
846
1502
8211
11826
6804
11531
14917
16916
1844
10114
8922
13840
3188
3489
6863
6143
13349
9264
6292
2923
12239
10298
3996
10632
12389
15155
2547
14136
13793
6246
4123
2415
23
695
8678
2617
3205
10484
6400
1545
10794
10749
6334
9231
15423
2007
13547
2137
11961
10734
3510
16429
10797
5540
1762
11132
17143
11191
2974
5630
16030
15720
1516
12844
14690
12138
7764
1216
449
6859
7640
8824
3323
319
1707
6310
7225
8988
17283
10632
16080
4766
1070
6431
11782
11018
14121
740
2400
10768
12181
3933
9053
4548
4459
294
15896
13367
12077
2482
3122
7534
12751
14165
16707
430
13606
236
17648
17185
16928
2776
5007
15976
8160
2871
10217
13573
11838
11990
9189
3077
3043
8365
14471
8376
14744
13295
10994
14641
13976
13773
14742
12748
3545
3957
3867
5345
15475
14000
5439
12351
2480
6459
4409
311
8076
17193
13840
11193
1018
7771
14524
6636
5325
9394
8536
17164
15973
5480
10855
17524
13410
17216
4561
3012
2429
16523
11945
4409
3258
8050
138
4801
3192
8832
8466
3294
8826
9162
14013
5553
1518
9544
1282
5117
1282
12787
14161
5942
9613
5945
17212
3564
6553
6031
5879
11543
5701
4848
5232
15591
16754
8957
17234
2786
1117
15477
6053
2167
16573
3062
3050
374
4709
4366
11245
7253
16906
8533
15868
619
5399
9487
9285
5876
4878
17005
13682
6675
2614
3505
6177
702
12308
256
17611
12205
14038
5591
8184
1558
17669
488
17203
14863
2911
4464
13303
5362
17009
17122
14593
7185
4151
8943
8941
5818
4393
7949
3905
6189
11550
9655
15632
5285
16610
10944
16689
12972
2296
15222
9757
15126
11052
3553
706
13545
2162
2327
16133
289
2546
11142
9825
1162
17161
2851
7101
8939
7227
13791
11471
11778
10103
2874
5295
5413
3915
10073
12164
7797
11438
12215
4613
14704
6474
2736
8084
6477
8288
10427
13587
1498
8111
11303
14317
13375
14835
15400
7491
9315
960
8565
8907
13209
14961
7648
2792
15908
2220
7057
17091
1702
6935
8076
11643
13215
7947
9322
16976
8484
342
13383
17098
5743
12625
16673
16656
10895
12847
11120
11595
17269
14691
5314
13644
3642
12454
5296
5523
13768
15972
11730
12548
4533
6265
9496
16580
17064
12371
16091
5899
5761
15349
14050
15242
16879
9700
8101
14729
9171
9316
13609
2645
11992
14283
6365
3321
4740
14985
7861
8853
13954
8924
4471
8231
1972
2675
2758
17541
8932
11555
8973
2434
7703
2841
11165
11925
5229
7542
6436
9317
2787
4500
8489
7474
10028
15560
6094
15592
272
8617
15749
7905
13704
2470
6820
9669
4890
5987
11441
4506
10491
4074
1428
10882
16920
3866
14952
250
11872
6032
16105
5348
4195
11950
8981
10131
17808
14736
11434
1801
7802
11134
473
16842
16830
880
1458
10356
1662
1129
13117
5221
10091
12240
16774
16282
6408
11353
14164
12415
10230
11464
5402
7923
7677
1234
17181
5223
5535
13235
16241
10260
9124
12629
10827
16012
1222
14407
1932
15910
3296
11245
907
7578
12866
13241
6183
7416
17774
3642
4687
9887
14315
6661
6320
2020
13135
10153
10602
3174
2675
13252
17643
6384
484
15684
8033
4808
12846
694
2565
9189
17440
7356
7016
2301
11935
7539
11151
10608
16689
9221
3071
9401
2409
13925
9150
10723
4142
12126
859
12728
5588
9563
5482
120
