1000 1000
4180 5278 3568 918 1812 6180 3777 8027 308 766 2951 9341 9952 7461 536 26 4195 8540 9095 8246 9717 634 5349 6354 8275 2940 3455 2734 7329 4701 8564 2855 3498 3008 8516 3565 4882 9749 1124 4246 2930 5424 83 4480 4964 6877 1655 1778 1026 3562 4885 7656 2404 5490 6784 5562 4581 4767 3485 5266 9334 1660 2311 7531 4324 4523 524 9027 5904 2609 9071 39 2343 5509 2783 7163 6017 2732 4112 4469 4222 6510 1596 1564 5407 9572 1483 1430 7374 9800 3235 8864 868 4554 2199 3548 5020 3079 8289 1003 6340 3248 3117 6510 1085 7880 6564 4932 3749 3126 6042 6895 410 3957 3359 9393 8519 4888 8181 157 7747 377 7695 8248 4646 304 4079 1410 5732 1080 4102 3654 1356 5711 3186 3960 2775 275 8943 2355 4241 3064 9414 5773 279 1240 3126 6867 7589 581 8965 2369 9924 344 1434 4306 9491 6755 5727 2253 8282 2663 7049 9674 6940 6311 2217 3406 6085 464 7640 1981 3135 6292 4844 5959 2161 5870 8601 8928 3433 3156 4356 3117 4220 8528 3544 7054 8212 5811 6829 731 9407 6746 3826 3209 6589 1850 5564 4198 9770 4345 7448 369 7261 9191 1223 8469 6681 2338 7082 9298 8487 5094 1045 5325 348 1976 1490 9485 6078 3605 6222 4403 743 3810 9402 9996 7273 6786 7645 7584 2032 6395 2118 130 8452 5477 7562 6463 1877 8301 1336 801 3149 3399 9761 5399 175 1047 8143 3868 1280 1833 9139 9625 3708 5925 6805 9042 3975 6781 2811 8562 3889 2481 2775 9211 2416 135 7330 873 7707 2362 8845 3272 4835 5157 65 9795 3886 7511 3853 8284 2816 1206 7853 842 5768 7747 6192 2363 9630 1891 9052 2663 9708 9089 3670 4172 6776 150 8917 1276 7072 6044 8560 4495 94 4619 5809 4011 9603 5153 9464 2116 4737 6379 6324 156 5020 8869 3545 4676 5115 1973 4380 7460 4715 7659 4734 1054 9683 9037 7487 5750 7841 2502 5252 7642 1084 2617 9919 9377 2637 2478 5224 1672 6485 2897 2608 2693 1463 6691 3027 7983 6693 2249 2744 2310 1913 9427 7807 2684 7025 4520 2822 7871 9310 4085 6501 6755 3426 4882 8666 2755 7218 2712 5366 9496 1367 612 8451 7589 5750 8486 7558 1174 9550 3623 4923 4018 110 370 4246 5823 404 7358 6355 2283 6713 3563 2154 4639 1566 611 7922 4750 4081 804 2547 8875 2672 6175 8787 7465 4251 3390 1821 8839 7149 204 208 3356 8203 4746 2647 9763 9318 4701 9456 8015 795 6648 5243 7907 5244 3329 8193 9807 4270 7988 3771 9002 4939 536 9372 3552 31 1329 2834 3795 2566 873 4741 8365 4861 5 1216 9383 2822 5849 6115 3938 9932 1529 3773 5139 1468 9485 9401 549 2284 7796 7911 1888 1950 5488 8506 6470 1119 4866 8236 3105 4451 362 8880 9377 9634 8069 3671 5847 6609 9326 3282 5623 2869 1189 8193 500 4714 520 1024 7195 7088 9188 5800 6754 3345 9839 2416 9272 6544 1787 8988 9856 3692 256 8615 2543 8318 9356 9065 6636 5852 6595 4262 3955 3306 3487 7521 6953 2755 4951 7653 8990 1547 4624 9078 355 4259 4804 2256 2977 7665 9683 1579 2319 1238 4650 1648 1178 150 4924 1287 9960 6139 2317 3139 9715 2440 7412 3449 9810 5249 3943 6311 1321 5434 5471 2552 3545 4000 5103 622 7973 4672 1745 2759 2984 1590 7628 6550 8170 1531 7199 7100 7511 8577 1712 938 8307 1625 951 8721 9013 1480 5917 1744 2792 39 6262 4588 4359 1096 2286 3454 9713 8499 7656 931 8758 9377 9630 3279 3352 8173 4266 2356 2075 659 7173 7489 8 3793 925 6968 8447 5695 8058 7772 2608 4937 6780 7704 5374 3215 3541 5700 5390 1571 3185 9568 7616 583 6440 442 3685 4658 800 2268 3561 7985 1265 328 8801 1425 1595 7177 9874 4066 1186 3222 4703 2468 2769 6093 3446 4496 8124 6763 111 2065 6268 1583 9588 801 7706 5100 3529 6906 8420 8851 45 6055 2934 1996 8372 1282 5815 4475 2952 1798 8692 1098 7064 4802 26 9216 5112 5724 8324 7303 4174 2098 3167 1140 1692 8007 2401 220 9347 7474 2578 8870 3996 9068 4499 3825 6200 6275 9189 7363 5782 8602 3990 9763 1995 4905 6977 7774 1288 8855 4635 5938 2188 6189 1829 362 7947 1313 4577 9222 2191 8253 6604 9078 3663 4367 9437 6227 1164 7716 6235 461 6330 4727 9819 2851 3967 8864 3737 9409 730 9708 814 8936 7710 6103 8422 9662 1335 4291 192 1427 3253 9325 535 6256 3772 6435 6566 1326 806 8353 8220 8056 7451 7206 4808 8314 3060 1074 4605 6827 6136 3310 2586 6569 215 5853 4979 6900 2270 6284 6880 7702 4936 868 8763 6422 8635 5950 6793 4489 7967 2510 5844 770 4356 9859 6754 3572 9928 4687 3402 9616 3437 4438 5993 9533 2369 414 4624 6289 830 7599 2081 6972 1017 3269 1511 5480 451 6331 2182 4913 1218 469 7040 8435 9830 1103 6441 7028 9730 8917 528 8124 5520 8554 584 6401 8705 6364 3318 3229 5485 3911 879 6740 7518 4242 6394 6028 1662 8431 4377 5952 2343 5017 9463 6694 9955 639 4139 3196 4560 230 3932 9226 3961 9851 6631 4353 5263 7971 307 4627 5397 379 2794 1797 6547 7724 4260 5460 8809 3362 1139 5723 934 485 2083 9041 2151 803 780 4666 7737 3310 8979 1055 2044 8967 8732 195 3984 4914 6377 3771 4828 4523 5542 4785 9184 6335 7745 9538 2388 8691 2274 2473 3068 275 5454 6487 8690 6963 410 4495 3727 9939 9845 4412 588 6141 5788 2404 976 5491 4263 7347 5071 9013 972 398 3901 444 6449 7050 4697 8860 9111 6875 7889 8140 3409 722 1274 9221 3012 3136 2847 294 6894 4788 9065 2715 9933 8171 8243 7970 7270 116 8970 6764 2526 5607 6533
199417
31
113
107
157
157
884591
484171
199
191
4649
643
2731
3229
3529
151
1583
3329
307
1453
2543
3
2297
6827
2333
3
617
587
338017
827
2693
677
239
9221
599
967
1511
1787
2647
5153
37
613
2693
417839
337
839
4243
4139
2081
691
4451
347
743
1279
7841
283
509
102611
1741
24061
149
811
1217
5471
9463
8447
827969
4253
9859
1787
271
829
4663
1583
1021
6569
443
9859
2687
4159
2063
2311
8353
587
9749
7853
1013
1319
1451
4241
5407
1187
1009
2153
733
4663
3967
617
1997
9221
89
3329
73
1097
9437
995651
6829
1583
3911
619
967
1151
3313
1013
7489
2053
470891
1229
829
6311
2687
3037
109
5399
3433
599
7
167
8069
109
3821
1049
83
36973
392153
359
3727
2683
1499
61
2099
3
263
609809
4817
89
883
2141
4139
8353
99551
839
607
1451
191
8447
559313
523
479
2473
442489
367
661
1907
509
149
1723
41
467
241
8839
31
1231
4831
1439
3
167
628171
1951
521
3329
4861
459209
359
797
2683
13
509
89
331
313
3079
241
2551
2441
6793
7589
883
6763
2617
331
7841
9749
827
2083
2383
1453
3329
499
661
4649
617
1597
4243
113
2383
271
4663
1439
8839
2131
1229
43
173
1321
131
1367
583783
71
2687
2969
521
461
281
278123
573829
1459
1949
1163
1259
73
2297
1367
467
179
911
941
6691
1297
5153
2441
619
41
2131
831367
173
647
4639
6827
1289
6311
17
1579
1451
6829
6827
7451
307
746231
23
1951
163417
6311
4259
1021
137
3623
1531
1187
5849
449
741967
4663
227
4079
5849
1783
2083
307
8243
286063
1549
45553
353
161921
6311
683
743
241
4663
3449
3253
517877
6781
431
1049
4157
3433
603523
1877
8353
241
1951
1571
6547
4211
1091
456899
11
379
491
3079
13
401
149
211
3329
9437
109
149
353
549547
3529
7
3229
2267
9221
1997
257
9041
1187
8431
383
3209
211
1877
6827
1049
739
9437
7451
171253
7907
292441
3359
2543
263
101
1459
1973
5623
39979
2081
2579
553873
761
189949
229
5407
463921
2129
4831
1279
157
1783
131
937
726659
7907
13
1433
9377
23
1031
547
31
101
598261
1949
179
9749
2551
491
109
829
740891
337
1319
487
193
6829
331
1117
19
607
4159
599
877
1117
643
1877
109
1031
1091
619
1039
2161
3541
2441
373
727
3
23269
523
1597
631
1741
463
409
1931
1367
149
1579
4159
419
1021
683
787
311
1433
223
1787
479
83
2333
43573
1579
173
6379
2267
257
4831
449
4079
643
1013
1567
373
37
3229
3329
1723
333041
2851
646937
229
9437
461
1093
941
983
587087
53
607
9749
291833
1453
1291
1361
499
556607
1783
6827
2113
1223
607
37
3167
271
631
1531
3779
2663
1459
651331
3821
379
7177
1163
3529
163
3433
19
743
1549
1031
3329
770897
3079
911
258389
103
691
349
293
1259
47
3943
149
5849
97
3313
149
1009
337
953
1997
1427
1549
9851
271
43
4241
1187
3853
3943
641
397
487397
17
2579
2083
623923
53
5
2
3167
1259
26801
467
523
5477
616703
3433
520339
751259
107
153521
8353
5711
4211
13
7
4243
661
643
800029
9437
5407
3347
1319
79
6379
257
7
4259
6379
239
3433
6763
5153
7177
1913
2203
6691
137
397
1931
347
830911
8353
1097
383
977
2099
401
761
8171
1049
281
9491
2063
726751
79
2383
739
7451
9041
6793
257
94613
3229
599
2647
827
1321
1531
9463
359
1427
1459
443
1151
3359
443
367
9839
173
64453
2683
1231
7589
116293
331
1093
571
1151
1013
2129
223
271
599
1511
877
4157
5711
431
912929
1361
59
586009
941
1009
401
7589
404387
107
467
857369
421
3037
2731
8243
281
5
419
9013
599
1279
68699
2063
37
1049
661
1949
3209
3313
709
967
2383
1783
3851
6379
1583
427073
2441
113
6781
263
1117
1453
3359
2311
719
9859
1571
313
8171
285281
1451
4817
523
257
1009
1049
383
619
6691
19
157
9859
2267
1201
1361
257
227
2053
661
191
311
2311
8171
4241
1117
461
1877
3793
1279
712927
431
1877
1181
331
19
5407
349
2339
9491
1217
239
3623
5849
953
9859
41
477131
1787
7841
2311
2969
2111
7489
97
86209
509
1201
643
167
1493
1009
1493
932513
929087
9463
1321
1031
601
13
797
5477
3313
967
5407
409
661
3727
8447
560221
1321
1283
981467
2551
29
7177
6763
685337
9749
61
347
893033
86677
3433
911
521
9221
2203
271
2087
9491
251
761
3037
3671
397
97
832421
5153
9041
3527
2693
19
3527
263
463
61
469009
1583
409
31
785651
1283
349
3527
509
1039
263
359
8431
601
229
37
3253
1787
7177
463
4937
932651
9377
89
6793
211
9041
8447
12037
593
401
2333
180463
2141
2617
2767
6311
7487
5471
2767
9437
613
106363
5711
449
1483
617
1031
543769
4861
2063
101
465541
509
307
535627
9377
643
1567
540679
9437
1483
17383
1039
1949
2767
174763
257501
1447
491
7907
367
650563
1493
79
9041
472063
641
1297
890053
426841
127
1439
761
43
359
3943
211
2161
2203
3167
4241
780601
2633
2099
2833
1439
3167
107
2099
3209
37
677021
2441
388483
311
508187
607
191
4937
2129
1013
2393
647
1907
593
727
643
409
269341
397
233
3449
1553
1297
5
1231
313
487
601
3313
3449
6781
607
2633
2851
2833
7907
3727
6829
8353
4259
239027
641
677
2297
2633
712603
37
2161
41
2731
656039
281
1997
773
631
29
521
1553
991387
331
733
13
977
2131
2551
61
677
317
73
617
3967
1187
829849
131
2969
2683
1103
1997
103
2617
151
4951
773
