100 1000
5086 4996 2078 8606 8526 9161 450 73 5842 8345 6407 5662 8520 3351 9717 3977 4815 4857 3400 8802 1333 1868 7711 2651 7869 9099 9664 7666 7775 7595 5703 7856 8714 6706 6624 1835 2364 9311 504 5729 8625 8042 466 1724 9879 4427 352 706 5735 8559 7932 6382 3181 8297 7718 8150 9911 780 5553 3875 6448 7316 2452 176 8046 8763 7724 8696 7587 2777 1555 1583 9831 5401 5250 3236 9771 4084 9262 1330 8402 3321 5952 8647 2649 9318 6984 1955 3040 3195 6842 949 4699 5750 5099 2207 403 8762 1697 9415
2971
809
431
1117
1669
41
41
163
7
2207
5099
8647
89
1901
2543
113
31
79
491
281
661
2777
1583
281
1039
467
3833
9161
241
2543
809
31
1669
1901
73
149
1697
1697
9161
1669
149
4021
43
613
9311
222967
107
918787
73
97
293087
1249
79
107
536191
1901
8647
79
353
359419
1087
701
23
613
37
11
353
73
9311
4021
9311
163
1039
8297
37
4021
1021
938939
1117
8297
367
856813
43
431
5099
367
661
3
1553
4021
311
311
1931
701
11
1697
683119
61
97
11027
864737
2
151
3833
197
71
149
331
13
511193
5
5099
13
29
491
23
1697
8647
736961
331
63199
197
19
2543
3257
11
233
233
71
4357
421
922627
311
1021
1021
113
107
4021
337
163
17
3833
1697
19
53
5099
809
617
7
127
717397
2543
3
479
1931
31
353
2777
311
107
37
1021
467
535361
9161
617
5
3833
241
2207
613
61
5
479
9311
5099
3833
1039
353
4201
337
1669
1021
17
1553
3257
810149
107
1249
1087
69257
1697
467
43
809
4201
311
19
97
832879
809
5
89
1553
292037
8647
145799
191461
337
1619
1039
269
41
8297
127
8297
613
331
149
29333
59
421
331
149
1039
2543
2
23
127
7
97
5
661
311
8647
97859
613
479
701
61
31
163
43
61
227
41
17
367
3
197
613
458333
421
1021
265333
1553
89
514249
127
43
3181
325921
53
467
227
1039
151
1087
1697
241
4357
613
3191
883
37
11
97
353
113
184949
448093
227
617
3191
19
13
661
661
4357
61
233
613
163
29
8647
19
8647
19
107
3
8647
7
127
1039
61
1087
536311
311
17
1039
1117
311
1249
4201
2207
52579
89
1697
331
1697
479
73
281
61
701
4357
163
1931
727483
89
107
337
269
2777
3
1553
5099
59
431
23
1619
331
196033
491
2543
31
353
1697
151
236869
7
241
29
1087
53
2543
269
1619
4021
491
1583
1697
555671
421
1039
8297
19
367
4201
1619
19
1021
79
1087
372667
17
53
431
151
176413
1021
151
219823
804511
683777
311
37
4201
4201
617
281
13
2543
241
1619
311
1553
13
431
5099
1039
431
809
149
151
17
809
61
1553
2
73
814501
19
421
163
3257
353
61
269
71
671161
1583
8647
269
71
97
3
5099
2207
5
1039
1021
542149
613
317
227
3833
367
1931
11
1117
31
353
311
1931
421
3833
37
1931
73
1117
3
1117
53
1249
4357
431
17
41
431
23
795791
281
8297
4357
4021
1583
79337
3257
317
1553
317
89
227
3
1669
233
3833
367
491
113
467
59
1583
13
661
1039
545843
53
809
367
2777
701
113
37
2
3257
859363
8647
883
13
9311
514289
431
3181
9161
1117
9161
281
317
127
1619
241
233
414329
8297
4201
59
367
1021
17
1021
43
1583
1249
79
3181
766049
8297
317
127
31
29
3181
311
2777
281
367
29
1697
613
1021
19
1697
809
311
621133
1931
17
1901
487873
744301
281
1619
23
43
331
43
4201
13
1249
41
3833
29027
962779
241
2207
73
1901
37
269
331
227
31
701
479
2207
127
976643
390209
5099
809
169321
1039
431
2777
13
197
1117
73
73
1249
79
173917
883
1117
1553
809
2543
491
8297
4201
353
71
241
8297
1619
689317
467
585997
3833
163
3191
3833
337
647953
127
227
9311
41
8647
19
912491
61
7
859259
3257
317
367
127
107
1021
1249
127
43
479
281
957169
127
197
1697
151
661
883
2543
163
149
317
281
9311
421
89
37
31
2207
2207
347129
9311
7
3191
1553
447541
29
31
89
69439
2777
113
1021
353
23
2777
1669
4201
1553
467
431
9311
11
3
17
3181
311
149
428041
31
197
934669
317
127
1117
2
2207
491
79
1583
107
37
3
3
37
7
613
3257
807403
809
1931
1619
23
560783
1021
149
479
41
78919
9311
421
1021
1583
151
3833
367
19
1087
238649
8647
467
1249
431
149
43
86711
976699
336403
3833
337
17
29
1619
23
3257
89
312887
4021
2207
61
421
1619
8647
37
163
421
43
8647
617
29
728561
233
367531
534047
127
701
311
367
1249
1619
89
1583
8297
79
317
19
11
491
269
617
281
613
367
317
233
7
883
311
613
317
412591
23
8647
337
421
9161
3257
107
113
58153
337
979117
1021
456877
1619
1619
71
9311
809
19
1249
467
1039
3
4357
431
661
491
421
1039
233
41
1117
89
281
197
29
1021
59
479
29
440987
269
331
8297
520963
4021
41
479
31
59
652831
311
9311
910127
491
883
5099
1117
19
3181
1669
701
1087
9311
1039
89
1669
331
5
3833
61
337
317
127
5
269
23
13
227
9311
3833
31
218509
337
3
383419
8297
8297
4021
365929
11
617
9311
7933
163
331
19
53
79
89
202187
954001
1039
13
1117
8647
223087
17
43
29
19
970603
233
59
13
385877
71
43
809
346751
197
661
97
4021
331
522061
199337
1087
19
467
337
43
809
23
1021
113
1117
3833
422393
97
617
311
883
701
613
37
809
29
3257
1619
2207
3191
97
4201
107
89
431
584879
431
151
113
1583
4021
41
97
908489
467
613
366287
613
9311
13
7
479
127
89
2
29
1931
331
745933
43
11
3191
197
107
331
244451
227
479
71
421
1087
337
3257
617
883
241
479
971933
89
1553
5
1901
127
617
479
20021
31
367
41
883
5
