100 1000
41
61
78
84
55
94
12
10
69
27
90
89
5
71
11
32
28
93
81
16
30
77
67
24
70
63
66
91
76
7
34
42
31
80
57
82
79
33
99
37
58
6
43
25
40
87
73
9
2
36
88
51
53
92
44
72
14
50
68
62
74
86
56
96
60
18
38
17
26
98
48
47
83
95
23
29
85
15
49
45
75
22
39
52
4
35
20
59
54
3
21
46
1
97
19
64
8
13
65
1123
4855
4734
9977
8381
5109
3340
8176
5828
6278
7754
2337
3610
5780
9608
1734
4180
2956
6212
8123
5806
6627
6354
2465
6530
8106
6661
8522
2511
7161
4697
1721
5519
1108
1636
4782
1497
4922
8149
7588
3687
2470
6497
6498
3146
900
7998
6226
3530
7449
261
6008
8030
6080
291
8571
3162
72
847
1803
6326
4141
2065
3865
2450
9540
936
9856
5841
3021
2486
8665
999
3837
8407
1104
7912
2561
3572
8046
8883
7997
9595
4999
779
2240
8853
4730
3771
1444
5843
3962
1901
9084
3941
2613
6323
6154
3287
7921
5373
287
7076
2753
1268
8912
9843
3896
5609
2257
5993
9381
4410
3010
995
4495
713
3907
3212
908
78
3619
2736
1562
1315
6106
7103
2590
2428
2435
3988
2228
9401
2278
2133
5484
7352
4125
8356
1885
8257
1208
9645
4384
3482
6526
3947
3796
6325
2296
1478
376
8430
2245
7964
5617
2722
5981
2380
7939
5393
716
8921
3800
1731
6050
4630
6750
3990
7241
191
5916
8935
512
6922
1425
1530
4539
2621
4596
7377
2069
9778
5883
5608
6766
7491
3769
9457
8938
8323
9251
8396
8666
9021
9434
7119
7274
817
5205
1204
7650
9613
1272
8275
1236
1895
2623
5483
430
2876
3648
2477
9753
1352
2671
8541
9139
9340
2881
1020
3880
2079
4986
3882
1928
8100
7350
1788
5446
4729
8299
4249
4479
1522
1056
9821
7231
1823
518
6983
5824
8348
9604
4237
6289
3616
1872
5947
7623
8812
1229
7160
9934
746
4766
2445
2629
7402
1899
8221
8278
2216
3845
5776
3553
643
4779
2421
7430
7432
7651
5305
4910
5434
873
4068
4478
2294
6015
270
5948
8305
2014
8803
2640
9358
1057
7932
727
1637
932
6375
1674
5675
7303
7926
1694
8590
9842
6610
2153
8170
1487
4230
379
1120
6996
9122
2214
1401
5701
8253
2095
6104
263
4976
2509
7415
7211
7963
3549
4551
8682
2631
9467
1392
7865
5186
9357
5375
5935
4263
7189
9523
9494
3172
352
790
4704
4467
1745
7180
1642
6841
2849
3802
5878
1213
1008
4487
2512
821
333
199
4430
4093
8790
9376
3359
2980
2498
1345
2628
3489
9277
8102
6244
1362
328
8033
9379
107
3440
9674
7305
1436
4743
4971
7032
225
8286
2038
80
7618
9974
6799
563
1156
5289
9715
3102
4181
2485
2592
7446
3872
101
1153
3040
9435
616
3713
7150
9998
8732
6909
9209
3633
9195
8006
1979
5602
703
5240
464
8527
2875
6304
5303
4998
689
9928
275
4011
4471
9026
2889
9626
5838
9085
8064
8578
9391
6017
3320
1249
4313
9440
6071
7002
7037
8740
9779
3429
4974
311
7017
3073
7982
1601
9046
2819
1958
2124
2668
2963
6517
8015
6964
2642
7342
8840
8246
9054
952
7917
9982
1413
4019
9517
6507
6043
5104
6145
754
2830
2353
7317
8534
326
5984
3571
661
2615
3753
4062
8354
8309
5493
4548
2564
6093
9408
1074
5287
7578
9951
2976
1643
7006
231
4949
9370
6599
1815
6913
3903
7995
7630
7781
5379
3095
3717
8205
9194
6165
4331
1243
1782
7798
7705
6548
8624
2856
6262
1230
4643
4135
514
672
3338
4150
8398
1638
8776
2990
3973
7263
5381
3709
8493
120
4480
3817
6738
6221
6474
5064
308
8004
9875
5799
4875
105
1373
1543
3492
6504
1493
403
307
4371
3088
1003
9371
6242
9320
5656
8287
2751
6902
7962
2061
3673
567
9832
5875
1926
6929
4389
6679
6025
3645
9188
3984
6836
8071
3715
9234
223
1122
1914
1479
747
9623
5331
1798
1519
6439
6315
6639
7159
9581
5872
5667
7053
6676
2339
9322
788
5396
8923
5825
9072
1241
2955
6740
6802
4329
2689
6881
9636
1936
6197
7184
2200
9189
5038
5514
5909
9808
7727
2899
1954
775
6852
3690
1624
5016
3863
4236
2801
8638
4891
272
7656
8501
2187
1269
5418
487
5417
7183
2529
6232
5130
3032
2568
3301
7011
5856
5937
5002
761
8654
6387
9048
8717
6886
7007
6039
3692
1017
6415
6842
5751
5915
2667
872
5563
4573
5437
5051
9351
6972
2866
7314
9170
9073
9705
5151
1041
9244
6355
70
2724
3899
9544
697
8056
4394
35
7968
3584
3300
2745
909
2575
7831
3155
5014
12
1993
5137
765
1820
8579
8439
8135
5309
4667
6663
6871
8758
3202
5927
1969
8996
5143
2644
8958
7337
6744
669
4428
7662
9847
9086
796
8459
700
9643
6351
7528
6018
7923
2985
7315
2986
8310
337
6752
8679
4658
1608
179
6251
2163
2414
3937
8622
93
1209
1693
1733
5921
1616
2212
5521
3832
6209
655
3499
7769
1061
7573
6771
9642
7091
560
7933
7672
1679
7914
1941
9307
6438
2715
2298
9801
5785
2572
8936
7018
7842
2833
4037
7700
7840
4952
1027
6794
7072
5918
6110
8362
6160
8845
5027
6927
6267
6834
3726
2318
6742
8634
7439
1515
9346
9018
4845
46
5345
5907
652
1786
6414
4326
5298
5162
1740
1840
3422
877
1437
3879
5102
2721
4201
8524
4570
6555
1907
3697
3759
1255
7988
888
8072
3666
110
675
7117
4842
4406
9372
3657
7652
3275
3787
1196
6896
4677
6761
3061
7410
1190
158
8498
5160
1043
4673
3932
8140
7152
237
5797
721
2543
9146
7511
2557
7140
9505
5968
8370
4632
3721
1687
5996
3128
5068
1699
6537
3325
6137
4458
3334
9160
6632
9337
2491
1887
7888
7970
4443
3826
3012
9156
8928
3336
7551
8467
1999
6857
9625
7935
6868
25
728
8902
990
9378
3044
6571
2742
6903
2271
2624
639
5704
3228
5394
8903
2559
9919
8904
443
8421
9389
931
7065
7431
621
3080
9246
9597
6850
729
1480
7500
6056
8914
5342
8127
5349
5279
9347
5235
4624
2071
773
8195
7026
6683
1779
6204
5011
5149
9562
9899
2091
5936
2144
4383
9963
6379
378
7950
7878
6965
1826
2101
6943
4042
9900
2690
1898
8844
1570
9470
9571
8188
9975
3022
9784
7471
6395
