100 1000
295
546
748
59
484
532
598
456
719
742
158
785
683
980
112
81
205
269
116
890
187
721
850
418
508
557
665
690
534
486
642
66
130
601
765
297
47
644
548
202
580
401
341
39
783
318
535
308
501
145
779
899
1
387
8
708
48
916
771
358
366
606
914
572
767
246
814
392
493
430
415
804
625
95
134
810
189
615
280
698
576
421
136
741
55
940
906
895
427
504
103
126
970
788
513
766
989
559
985
47658
26455
2558
73452
55430
41245
84024
74487
97753
87042
96343
65763
82607
85328
31488
80050
23786
74115
31818
44704
61449
82189
57655
88980
66575
16034
12860
57869
41786
44553
74303
59229
5245
64220
1802
65514
48409
44005
16238
51212
25869
45178
19912
78756
29303
23364
55334
34664
81064
8184
31535
22189
83684
38412
85635
99550
66067
16478
69696
22481
37506
34710
7879
89536
71569
83380
13131
58088
13753
97152
28899
89616
54918
85238
27175
84010
71996
65441
84621
35200
98234
69008
14034
20640
36509
94545
98458
79663
31348
70491
82766
67727
19126
79379
23342
15598
52673
80606
43415
39680
92323
36136
60961
93244
58769
13518
67877
14122
45942
79370
85600
16125
17270
36280
95679
91412
22826
82954
69450
15651
64012
18555
97065
22709
12283
93063
31767
34937
47278
37973
64692
1158
33373
98373
78535
78732
1511
44786
97466
98941
82492
45458
34362
6359
62524
16119
60304
23030
69153
16116
91065
14297
23202
87196
56316
58690
2025
2831
31582
73136
29499
31250
20484
87719
8142
34199
73836
21965
49119
54046
84472
48932
73026
57282
11671
74596
1575
19066
13089
67494
29129
85892
80932
53945
68806
39079
50544
22760
3168
4598
73431
1748
56699
7157
49550
67606
91011
87959
28361
29640
15400
51197
4849
69730
91315
22946
95639
2900
5228
46217
14516
98526
47373
10864
41949
44606
24301
79168
88180
2959
3577
54916
43835
14334
16499
46667
66867
51133
24168
26772
75453
42193
59983
81631
35757
95607
96712
19981
33659
2367
66546
26281
51312
32705
72611
39081
74914
81717
46272
44277
34458
46358
16441
77114
89414
35653
11370
66074
51754
15212
18634
31749
36016
8401
31789
49123
54396
4166
5941
45666
49211
63341
38212
51368
14172
91860
96783
24670
69932
69076
31472
13591
7873
31713
5326
39613
51126
75706
17957
84930
14218
7094
93768
31802
42098
54442
98506
95724
48906
6851
1518
16794
82852
16863
35787
404
97024
67168
41449
42057
40795
73684
57028
74469
20583
15069
98405
77367
51433
37559
6117
49755
71286
37601
57727
20490
14472
82147
971
11986
53387
36474
38987
18693
42485
39078
93627
83987
13730
82219
88082
652
88506
19088
94364
1376
76920
98034
97454
108
12711
17349
97443
35753
85248
91707
79001
71231
65797
34344
33024
15578
99491
87939
31920
96229
24916
6450
33622
18750
64336
73062
39414
68635
28476
12958
7892
83546
10777
58869
83102
31461
40011
12837
53588
5914
90260
85736
97990
36475
7016
82816
27114
53292
55810
81416
57249
2975
52820
94820
25874
55400
4195
85993
83651
82772
72840
64530
72668
52097
47582
6530
29659
11404
65654
37795
27397
53675
32242
76485
15545
21765
47539
77147
89714
47649
75372
81195
48364
99420
98765
86877
46456
33543
74629
70686
34037
65990
40521
3916
27095
14201
70832
36574
17733
77246
41022
48478
49548
17999
90506
62176
40216
80222
21352
6953
50659
20668
62482
16060
64280
58313
12287
76332
37824
65328
69506
39712
88586
4551
21796
29674
17279
54447
49176
18715
27079
99063
92819
48220
53835
66004
31847
60512
82793
6887
92850
23334
57893
35368
25504
59330
82635
67499
55801
2661
6356
58748
47965
45646
38949
87567
92046
22610
10091
64117
86622
72134
41869
22987
86744
18234
28653
84000
98130
21702
39745
50002
69431
37002
49262
83677
99499
8279
28738
98523
99656
86228
59162
98933
27797
45850
1883
27537
49138
40257
60880
46615
82626
45237
45776
79565
96082
66171
85206
88104
21124
197
14715
60718
82015
7805
12498
83440
42493
68472
66185
28480
97138
85469
16481
29955
59016
60896
64981
66531
49667
14162
60381
22635
81177
88060
80372
54680
91519
33502
13606
81656
16902
44572
32704
62603
38942
51648
32406
89454
40658
66794
83661
95520
87745
3454
73235
85503
21825
56757
63233
26139
13784
7155
48470
22213
30642
81134
67144
64745
87761
69607
92059
68538
46206
2674
41590
25502
6854
29643
96593
13919
64236
59523
81469
20444
29424
1298
98833
58658
29589
69602
81733
20976
75952
8285
17026
24700
92895
61913
3815
21259
71404
73395
20744
93435
99439
55190
80567
30302
61643
91275
806
2724
60990
2451
52886
77415
33402
90717
11577
44633
85120
84469
95542
9719
18822
80818
68046
40605
74960
66359
72283
99391
77917
12726
99829
69519
35374
40829
29724
22955
78625
39072
49477
76933
33856
80580
93713
92866
86034
10454
13663
89246
84115
22630
39679
71512
48860
97465
92104
41990
40390
95956
18349
63950
65712
65524
56046
48394
7036
58617
45001
73617
29338
17540
57046
37358
88378
9256
66
82667
63371
84008
75691
46093
42734
78405
30488
86593
39437
50588
48090
18499
85883
11344
5726
95028
52476
96888
73987
56958
97005
13623
7059
2360
86006
25073
92795
48230
44453
27204
24868
37307
45567
57132
84557
98463
80110
93031
22509
3526
9674
11140
2654
69378
30832
94629
10189
73879
41861
83637
30619
71839
12668
67201
60525
73536
23444
19532
21689
76215
48764
30505
85576
47794
73451
23304
27494
68984
91716
41450
45108
99411
88177
95838
89545
10909
62031
53745
59458
67958
46118
23445
21752
65551
31845
4024
61943
22504
41173
15709
57423
27946
26746
51136
77187
55331
38560
34300
78686
15191
88933
91928
72070
42934
78316
80336
53038
18244
5350
6107
83751
21940
66233
54824
44810
93596
94029
48605
59731
68588
34528
65033
42549
16151
90368
5310
26579
2189
98351
19759
14659
14851
23182
53902
27999
90208
11457
1310
74544
34417
92424
76780
17237
94822
82631
7667
21015
36543
54402
18034
26322
87193
13001
85112
1502
30901
68172
93141
74670
34442
93041
88838
41035
31217
15758
38767
12661
17457
41141
58393
33626
97999
94690
18320
24456
91892
48874
7184
52282
81987
77511
72844
51933
17938
38865
75045
83951
30429
40288
34412
74625
83018
88202
62143
68591
81847
28931
63292
5732
8782
70837
30847
82197
86323
43607
58929
95713
97662
81199
91985
51715
95033
27031
82863
79683
65634
27606
41910
37233
18157
49741
23626
90693
95848
21119
60407
36808
99322
47972
35785
46926
56352
41766
16196
44123
60881
61869
86463
79605
50777
24428
47534
53285
1490
25666
69499
66490
62852
41169
20584
45951
38835
71285
54707
63676
25361
93204
57055
46635
36091
39965
73792
14764
19122
13351
96895
5948
42455
23924
30616
67470
43697
9020
564
83415
64075
96545
99380
38312
95656
98250
