100 10000
178
999
831
166
628
396
347
494
856
947
265
463
971
962
273
737
415
685
676
164
268
15
722
853
212
323
823
205
175
903
942
405
618
604
919
91
526
24
523
277
532
711
194
174
839
12
83
574
302
898
724
653
603
354
57
706
936
671
108
167
657
835
10
632
185
311
137
376
147
336
39
822
589
112
247
61
262
680
960
196
340
791
766
889
342
699
662
318
353
735
254
681
802
746
590
370
320
437
343
49126
85650
62110
58896
26126
16623
84244
40874
50588
392
99661
85369
80894
9072
73046
91957
69741
35573
68378
32033
66778
93327
5897
47458
39858
62920
97951
69296
49880
91401
62382
63214
39447
84257
12466
91266
76284
2181
59498
6000
25438
18492
94560
65259
58126
9623
81141
19619
89806
73668
30981
15131
16851
98244
87129
53020
82232
61988
70938
39219
34580
65270
15995
68314
35661
82132
87512
77965
77529
74728
82437
67812
93936
87323
96426
33071
23540
5516
80204
30084
62570
96052
32699
90812
84576
23768
46024
58702
86719
97726
46736
75126
69926
88926
24809
76661
88297
47462
50295
57008
92507
19213
44608
11030
56875
98341
45802
36774
87169
75283
59145
23535
38824
81778
7747
43500
16309
22113
76922
10051
72293
61032
10069
13487
45489
96215
73639
70745
35210
2468
39873
85225
77329
48377
35565
33034
11485
2169
17122
87097
59098
18437
75709
80764
20339
30614
46481
88391
90094
80920
8283
45747
40827
35872
18615
16801
1367
51224
51830
36631
34135
19
86654
23040
61427
76980
59968
27243
82626
71419
34267
63157
1246
16684
12935
41229
94133
15493
36243
95328
93212
11827
40539
52505
30727
3508
22387
19640
49918
23937
65375
13183
64375
44852
22523
71252
72959
11169
79769
91054
826
3393
57044
32012
58069
64575
67532
51108
54589
13301
36283
38415
21841
33939
20320
20829
39995
55750
23014
90422
9709
18093
73575
46048
24968
65302
69565
8972
25991
90255
45609
60139
79618
48532
2784
605
72043
27504
75041
64521
91009
59674
15961
91949
74261
26474
26300
63466
93850
54207
47735
74107
15235
80930
20980
89152
93117
76123
599
67770
14741
33052
65276
35476
38285
92459
46992
88266
9766
6602
68807
82633
3856
4273
33195
77801
65546
27194
11060
1637
94481
42602
32190
50930
58616
68605
63722
88580
82779
6209
31307
19112
8793
71785
7996
64931
32401
44031
89454
10726
58583
39765
60526
26165
51570
1711
13715
30410
92469
27422
92761
27257
3064
54299
73705
37433
97903
17459
615
22939
58964
14298
66915
6744
79163
88793
87304
44628
49121
92700
78005
29534
21951
25473
57425
71921
38345
19345
36011
29412
34426
73351
83584
76852
84595
34054
39391
21723
86231
69045
96157
29540
1674
79818
75343
20316
90315
79417
61342
33673
47204
3979
29663
74265
94924
27181
63653
36834
81948
1559
82452
70778
34177
65467
86185
36773
93358
99504
17557
41554
90347
42662
103
50017
29481
43212
93402
73742
27101
37385
48863
7821
49097
43252
25727
16064
12467
26640
87261
84500
46935
34417
58703
98932
94825
12456
21126
24294
97589
36106
92897
58721
23006
21795
62378
63810
72526
49977
59396
20093
72068
825
44457
95836
4284
32316
12287
61
84716
32057
61634
76478
14917
6692
32527
49072
85462
35407
69910
26940
47230
31798
54309
32923
92147
95181
92819
17464
2796
23610
26328
92906
99355
31794
46802
33768
14174
65638
53687
85962
87133
15019
2950
46671
61228
36052
46569
36678
4679
32028
12683
62315
27136
11094
77981
65457
6904
80689
82838
88323
70383
53692
17701
48508
4888
15367
15032
19514
66856
18468
81801
15521
1279
78947
43949
96957
45822
4652
82685
36399
5098
90956
29602
40307
93126
31849
25977
99497
33474
85951
12697
52812
71786
55948
11588
76397
83911
20336
21233
74116
82448
53946
99348
85915
29616
46256
21842
77103
85405
73470
94998
51442
92531
19719
27594
4879
18472
22814
76858
67455
14103
75879
77948
1732
25985
81825
76989
1877
78783
7184
34343
76804
40834
3820
24004
34242
3697
81398
58015
50473
96473
23464
80083
17707
24722
45560
52191
34025
24905
87925
96497
613
36004
51319
45018
9099
18589
7632
74442
80957
83194
24023
46926
44454
35208
30896
41371
20848
71404
12522
87370
80043
89037
85097
95510
67321
21654
76334
15088
4883
9169
6290
58956
73720
14236
28269
8511
86030
19051
53212
5957
70894
17975
86247
33858
91579
99894
46573
91888
19219
53652
18956
65621
73657
37752
77251
72070
68054
69717
14257
23961
59388
74485
24157
66024
70056
91339
12184
22919
82837
13499
46198
80831
55336
80467
48588
12473
7456
14699
13985
68224
37858
48764
85257
3867
33905
20289
2065
90350
43814
55736
30228
60209
74763
4733
7269
32522
2890
38943
77941
73801
71978
18106
56988
53485
84277
16412
40089
77275
76659
35556
37644
93631
40404
95868
60036
48814
67322
39620
11991
74655
17638
85698
92631
24760
57616
26192
96821
45986
88471
55196
37826
95284
44949
19598
97429
68321
13636
93886
18288
20547
80102
20261
23485
76568
69462
64625
89884
56106
10000
32936
35341
56849
26804
80572
67494
81366
27901
13982
15339
93460
75330
95420
74436
12804
54888
20138
30686
63796
96528
85295
83626
9330
66172
32141
87469
74732
11617
69077
28145
5806
64940
40446
25110
73588
92607
67036
42994
34006
68841
51356
37183
31656
17804
63239
30536
12326
65401
90117
69376
78989
95668
34814
43575
13523
16803
39156
10336
4693
34899
28195
30191
35284
82290
24118
33892
36599
46698
95933
59694
7264
78341
30701
11216
8527
42269
68236
24761
17371
57961
52034
37219
2398
45208
49664
46699
41666
38992
15107
84609
36297
72037
53118
41840
91803
60781
36128
98534
38873
45597
19878
39606
91970
21224
10975
33294
16530
39027
64174
94174
88316
82225
69961
47434
74611
65506
33101
89333
54859
55131
91693
35679
62474
74036
75133
5505
7790
59309
65453
5249
69124
46712
39276
59990
53580
18989
41693
63238
17334
73719
60461
6328
42389
80876
2537
68187
72189
57015
27345
93508
56577
67964
4599
11417
27198
90659
35248
83378
21490
13095
83162
94704
84542
20757
58381
97088
43847
21851
78283
65153
58093
84353
39383
78565
52052
5489
32750
13447
80093
43067
70205
50626
31654
26230
80695
23985
7570
7609
39583
79801
89789
95816
56102
52131
12446
63262
88902
40685
95008
3295
52471
65423
12517
13192
87801
33933
97122
1915
2609
63818
31719
3937
40591
44034
78886
74023
43430
61573
43224
5527
67186
13494
46385
9650
669
53761
81418
22978
80317
87034
43108
4560
52272
54909
29593
74795
80101
41326
77740
33527
74400
40028
52229
83302
54020
78571
14755
96869
12182
84417
89774
79188
85466
25384
77424
13045
43662
33711
28465
50122
48948
13066
42953
16529
41809
87290
69201
23341
75908
74230
77204
55821
36140
49911
22475
77745
46176
30032
91706
63929
6463
53043
53429
6280
5981
33443
49744
8872
35900
62698
40628
18191
62734
65981
47896
38223
93773
37474
75195
32166
58426
68014
29990
20178
20445
21908
42810
6931
53870
87418
3128
80152
52031
56399
46128
79257
85095
14734
42426
86692
68395
82935
47887
86944
90421
80810
11411
59304
20190
12020
95908
65646
51992
85006
22566
15286
67787
31550
73106
28521
84255
68592
40561
72944
58974
74902
82378
29826
25380
89516
88111
45576
83539
88821
42271
12293
3318
50951
7640
47886
74946
41870
52571
48344
93581
10077
34811
77110
97831
18862
86687
8445
7097
59419
11387
50984
58764
18717
88304
36431
39022
16970
73716
12037
38416
20668
9575
60549
7949
84416
55249
60857
56439
47348
66467
86507
2445
28154
41617
99597
2434
145
84032
30162
24201
45060
8224
50277
27216
83244
43580
42626
72672
36332
82323
88128
5639
58798
33664
64813
17899
26351
10092
34944
65094
38
49396
82851
91541
87709
438
54821
39011
48596
34666
73983
88120
75630
32279
3713
47211
43519
87111
5726
66246
13435
14279
80785
33967
41507
9539
18995
38704
99418
75444
59841
37599
62496
64017
37870
65060
6977
65383
75417
14399
77256
28374
26842
38768
29407
70676
40515
82030
4706
37694
79760
16073
36268
43045
65093
27977
93033
29052
34963
78683
82481
72854
42928
40470
48551
24142
84025
17678
14580
67044
9881
60909
59851
65429
68219
56497
42733
326
27409
26168
32958
90751
98206
76741
80475
14943
75723
77821
34504
62078
78145
80508
57607
39349
62316
16094
54169
29391
33040
7723
54940
29522
89429
31973
79110
63605
61560
21971
52862
54729
41483
29624
26843
71062
81782
8452
16794
64043
18948
55209
40474
43964
89317
3320
43463
96646
69220
85668
24000
18894
3062
33064
51035
44162
97402
57519
27621
13801
78887
3216
32551
68748
44912
51917
31886
61191
84292
48210
65500
43403
18399
96059
19291
82840
84625
82503
92671
80182
77861
82488
28734
44231
98269
68429
42309
62558
79632
27381
8359
9880
63458
66600
97876
45247
27869
90914
32147
68050
91822
20301
81769
37675
13910
71773
8494
88475
10
89733
56746
12345
10106
88512
12204
8781
73521
49809
56730
19137
77823
90228
31371
25579
45471
50649
96728
29552
69225
53896
95215
96693
2746
8878
6603
15695
87172
97128
31672
92460
28192
64934
95452
27641
98449
7498
86631
61333
11825
50210
57712
76840
78164
37763
45527
511
22124
79864
32734
80619
14716
24822
52716
89969
55561
9680
22777
9549
67941
46187
23826
57455
37892
4422
54144
28240
47011
65387
49165
61483
53210
45499
51194
29397
51664
51558
17511
7629
33997
71109
4171
39009
87428
99990
13784
56461
80804
10175
87
64524
18898
4622
77155
77724
49547
41734
9422
41449
46449
99081
33765
82922
82543
89362
82048
11453
50107
55236
20860
24364
5266
80932
4341
24998
42835
94433
37512
69597
9155
22428
72301
9204
1892
48497
81328
33331
36700
95063
48242
62756
17493
32354
93882
11885
6253
95099
20430
70638
66367
8775
51494
12491
29558
76552
52133
54214
69531
10465
29211
68527
73088
68847
60038
56229
43448
67743
21002
67450
33154
82660
12329
5581
90273
70400
42815
66025
50001
14768
36329
36677
99031
70757
23486
92479
56096
72782
95838
40764
27272
98363
92129
63612
24634
51776
14402
8743
94426
13878
69708
13052
57563
53270
49704
84106
19052
9214
74392
45746
43042
40514
88213
47525
17671
54401
61619
37089
12300
73337
85364
34774
16112
11364
23124
65688
37679
16635
23607
38306
26467
60334
80703
18479
36747
60190
40696
47546
90919
44396
1513
88157
74438
18761
68837
11287
5028
76700
22022
72983
3656
46669
93401
85481
50997
33277
62621
93435
86693
24697
48171
26923
97923
42934
87446
72660
69756
30384
41418
97605
34270
32461
76850
63224
87922
91320
37496
89046
21065
83000
34386
27657
57856
28783
73987
39234
58264
59929
46005
58927
1162
10011
54895
16267
37925
47982
45151
91472
4846
36187
84055
18439
98315
84853
26087
80252
81715
62046
63946
71026
88817
20864
11542
3430
51502
61734
27677
15116
51312
18565
31216
84114
94698
33200
50383
62114
41894
58648
12238
89445
42380
82593
56820
29075
85096
38429
21578
73205
79223
57810
40823
19651
62126
49670
9783
55050
74338
32474
27149
43599
16447
33793
60882
42912
87529
45231
62170
26080
42803
4127
68449
72548
34685
18556
58133
67005
83494
7797
18645
38073
64780
26825
70613
81193
50695
49932
52108
38360
92508
26719
79913
53382
40177
21925
60374
63630
65444
34483
54223
76548
16778
84744
14357
33134
33151
31928
17233
38750
54174
62995
63331
44471
67116
1394
9553
14030
23015
90001
4461
18833
6507
85574
89067
74254
15421
86339
88798
42472
30230
89216
23846
90862
79141
5354
67695
4973
85048
82557
68058
27537
376
502
31485
54069
20635
57229
92398
36790
90437
71137
95213
44277
76145
50231
95902
72618
40084
1940
59059
59731
43838
73996
97538
9645
17415
72426
76501
33343
25142
66974
39414
6532
46218
48896
61303
92574
90842
86390
97904
41551
48251
6722
52247
37573
73195
95321
99674
13931
99483
50391
58545
24427
34257
50579
62586
44114
85811
7308
81046
36481
78499
36485
38643
41724
46862
87456
19306
87229
13180
52515
53337
9062
1527
99671
95391
64518
79800
93836
68341
66315
69692
34089
79299
44081
89201
12656
83591
91731
1109
53820
46879
19975
36483
86067
31466
17377
26545
99170
78846
40909
47625
59872
83454
48090
54812
15482
48464
43535
49091
69807
62966
10896
85074
81240
29402
71472
28594
16728
45544
92275
62523
74627
15068
39793
11695
84004
65322
64305
27110
1354
91133
22464
29759
2374
36477
9950
21608
74291
8517
60000
97446
42312
14954
32889
619
33329
7617
77553
25325
98722
96511
99406
69505
72579
95647
13241
16046
80705
97565
62984
11137
63992
46817
10996
86691
99392
67944
59430
96929
39436
46398
56464
34881
41684
27813
97664
19221
26970
52692
75032
42395
66080
68914
70837
51242
4255
32857
16188
43513
3502
97852
34857
40330
75514
58216
74315
48598
28118
34420
79674
93977
51073
82313
88274
4904
95636
27690
53809
34262
51276
8879
75020
87411
36535
88158
74429
48190
71374
54073
41688
86778
94979
46838
96884
73762
6669
7079
71141
64221
97631
27871
29341
21288
83225
87509
72803
65252
11200
44350
16250
37486
33115
27993
68007
90765
77278
51213
27487
33950
58514
43543
52166
5383
93430
43882
38263
44867
66791
73168
18861
78063
42883
52607
80349
54480
85578
36111
66793
2523
98618
84790
5065
39085
73795
70762
86206
35401
12387
81223
78567
51483
83685
64918
6438
20012
759
16524
99474
4990
81106
52262
70219
55598
98461
90672
90449
21414
88640
50568
90041
14161
87187
4507
91674
23130
89637
19261
24681
83353
63538
50727
36139
35777
74099
6160
79895
68661
24812
4041
23238
39269
28069
48923
10892
70645
29898
63100
83870
15345
37820
66934
90037
88930
70330
66678
92781
43526
98791
70753
57379
51730
54289
69671
42404
81761
60744
78396
57246
26980
91741
84386
98046
24866
44791
791
69688
96168
28654
54803
67194
87747
17071
1700
75820
48893
25011
28948
7828
56413
74915
13402
2219
67862
60575
15073
54932
23783
36145
51741
70013
22266
16830
96523
59064
36067
72489
90799
84400
35485
2795
85809
44516
52709
5995
43319
59286
65379
17589
31372
77282
84112
95005
68756
23199
82288
22592
3207
32890
15179
64028
10951
37648
75708
6196
37323
78197
91920
25264
67684
98658
67689
89670
82616
91003
94071
37624
63136
2652
28990
83192
67393
23180
81832
59215
57767
5582
29222
97667
91411
20545
10304
41071
49610
38477
75776
96244
78984
72390
89096
91905
62273
27918
47105
42581
3160
76157
28717
60364
5564
87869
78021
10386
59390
10681
69970
89273
42782
28905
50200
34281
6076
66232
33619
58975
24154
10271
23764
74069
86172
235
99349
509
83986
25732
99686
28339
19093
12426
97355
10727
93544
93964
16893
75870
59705
9315
71682
98389
82095
68029
49377
35756
65605
15515
57280
49746
76491
48754
51484
3481
43919
96549
71429
74529
60489
48524
77605
87305
89772
76567
40374
74770
31555
41726
41657
2128
44309
23651
21150
31678
25350
42826
51720
43411
1299
81321
27913
2864
16450
7187
56391
57467
12562
89160
46108
82865
34707
11258
97975
54930
85
48409
65070
52770
85722
74637
74642
2454
82403
31588
84955
68325
20806
41798
80314
56103
2074
16758
8574
86718
55399
73641
39576
49174
29682
27660
82610
56673
67741
63062
60120
67773
48535
21463
8377
24116
84935
27559
86812
33480
70567
31887
85968
77741
37779
61466
19176
20972
1920
43649
12915
63506
65024
64784
62370
16919
58332
63759
52381
65800
52475
30301
52684
7076
76607
25298
84089
22260
48888
19742
93567
71507
39231
30962
52280
42387
62402
64226
63428
36355
94985
6813
32662
14081
97926
99525
99276
27852
29297
36047
51952
79771
50467
76705
69911
90152
74967
36994
80133
19831
55697
41495
25840
65686
40815
64217
48610
96572
46063
83486
92118
3703
90782
41619
30118
80121
58475
94904
39335
82877
33129
37173
66471
10582
33046
23517
20469
27563
98518
9049
72759
1047
17337
97455
47955
54615
99555
47783
24606
41053
72186
53542
78506
33460
25211
42335
76679
60782
97799
49519
95084
55932
29204
20158
7544
33777
63282
7929
83633
1009
33792
3843
21957
76121
86204
74850
69123
12067
75678
88408
44824
15541
5458
9473
91709
32439
18592
47002
41340
99429
75060
55670
96846
77265
21198
63998
37359
40076
801
62093
52316
1665
5953
81946
81557
43253
89178
86706
57001
21367
78483
43488
50904
22512
85238
50955
23440
67633
39039
47161
68275
78809
40914
51400
49965
40109
14847
70027
30724
18277
51925
86222
92108
40431
86135
43191
11993
90266
90013
2642
77799
34169
73492
94859
67650
32614
94678
18404
50515
75140
96017
18389
15556
25179
62836
28692
42311
50815
71012
82705
3831
45277
56182
80165
38786
56578
19844
39145
12817
48952
90528
88633
36995
12992
78823
174
1123
91669
60831
14680
66789
24751
22597
73444
18709
73586
63544
81853
32473
34704
17112
3381
17910
31360
97374
79612
92500
85583
76800
21455
85969
19363
7623
88968
22171
4413
54393
61897
84956
61606
79902
28616
64441
51475
42386
7608
45962
72695
88299
34145
74120
55080
78772
45714
58613
45445
77777
18261
8183
1342
2948
89985
16101
45456
27348
51916
29484
39075
32008
58366
2123
53960
81646
96421
5460
33521
39460
7111
49151
94288
822
62344
52952
34494
85842
1248
90098
91628
61235
63528
65746
61442
27866
75378
10944
14619
77764
20814
30947
47960
25870
79637
1726
11804
70239
36752
85756
53788
31932
45409
38747
87953
93247
65606
45065
27633
1506
29753
21406
89319
21362
72065
69797
92369
71557
66344
75740
7020
47860
41716
92860
52680
78277
67854
38357
98825
29928
12119
9425
35886
38138
8636
47564
63916
94620
78153
89394
71963
91223
4575
16615
58273
61930
52610
77584
79295
273
56856
68567
27777
91415
11310
89373
5149
59715
41202
21756
25470
59082
41844
31398
80791
60128
52345
45872
22812
98685
48776
94167
40439
23971
22679
83696
57529
61296
29067
37454
31037
68344
24564
54892
89036
64237
78177
19060
38951
71789
50942
3022
56763
38268
98969
95947
75324
66565
93539
40338
35358
30231
46684
22689
2696
17395
77699
83936
59789
79202
94368
73004
90368
39171
40196
31168
41336
52470
24636
19873
2599
14611
52103
57676
63123
87919
31812
49238
93478
60503
58599
35461
17240
72858
65149
43075
28094
72249
66514
9887
7837
90870
97972
66677
20079
8360
84056
89128
27841
57441
51348
3592
16782
93306
51692
97970
26898
30166
37188
83503
88937
56968
95310
70854
99327
37463
57499
44811
49167
66889
32988
31644
28399
90274
18321
76030
9767
8482
55454
62112
2581
48668
35792
87051
98323
56488
84715
29368
29485
27826
69268
64751
39524
47541
37093
36542
13856
30151
70985
2711
3511
75267
44644
1407
9570
93279
63431
78569
57845
66721
51908
11446
54798
84839
98594
42061
63276
66227
117
7112
23027
3484
47224
26320
82769
19358
2121
90965
87948
72926
51373
6597
19439
2394
99023
20803
6762
60080
48838
65210
80389
39701
48010
67863
17566
50891
81634
64213
68950
70680
5963
61371
15932
67739
93641
7701
42058
1939
60398
83345
30528
78811
68164
84139
47575
63863
85394
21303
33530
61210
60971
79423
97348
406
50973
64320
16618
56119
54498
40586
46094
48494
92350
48250
16355
552
46275
75160
5988
9846
28754
73196
200
99630
38572
69383
11473
86287
51063
98416
14477
13070
54370
94490
93048
59532
940
61964
86424
49817
71795
56343
38325
55913
93893
81593
28361
29328
91460
4827
82361
45457
29519
29245
78894
71559
30121
56848
53558
14151
69373
61968
71627
46427
93617
73047
56211
93826
32262
92117
82843
6784
41096
26933
86151
88606
15153
76573
49940
5839
60530
47865
91616
49264
51799
77277
76848
19386
11300
43946
40239
55079
150
75164
46220
21398
62384
1646
76096
88287
60073
19833
4677
39613
32247
39683
56257
81040
24098
7841
73029
66395
42781
84378
29195
33006
8173
59084
16666
59796
20810
14856
94092
15844
49802
13905
1181
28488
89369
54097
33032
41287
82292
16437
13771
82221
50732
76101
74410
71070
8992
47498
2991
42827
99036
39731
13399
41543
78210
61569
7137
96780
3066
99039
83507
67142
26431
43192
28262
3185
5845
75871
65845
10094
42398
74868
3567
31686
11599
93933
47392
86430
33503
54910
82053
30682
54988
83387
87901
12821
41664
53363
62947
98891
68971
4133
41233
22649
51739
40568
67921
25377
98121
1554
66006
54504
47632
92477
43328
9814
29443
12249
25071
79439
79343
30278
73458
22493
11265
3148
35495
7827
54717
34297
47240
2072
26315
70704
58826
80294
70521
12922
76394
40143
35335
11370
94251
4464
24829
45138
57197
64006
47540
50186
20313
2222
80535
63990
88858
60919
72569
66312
4093
37032
3075
40846
27007
11460
11876
10729
8455
33330
92301
23065
60694
77391
70981
87561
50124
22130
52170
80717
92366
19173
42451
16276
43174
82778
41733
6999
66185
86563
78701
1600
9335
3264
81969
92189
44002
66688
12611
58422
32686
29886
47157
36676
54440
87117
32523
71546
82632
36885
93548
64632
48725
12646
89338
95936
94951
75563
90923
21364
22
94390
98242
16516
53324
74257
78495
65511
4264
18576
97276
49368
71812
70227
27132
57114
55727
82024
86881
46432
3080
15772
29159
75465
32905
10552
26603
68833
11501
53415
91745
11342
60993
24805
63686
36096
56548
17697
46173
32547
30610
4239
97250
62441
67909
36108
79362
22416
35521
39668
1912
94830
68509
41795
39782
37847
80284
47563
31882
17484
83506
55757
19191
16321
36031
65510
45926
23583
34238
74905
19925
46055
54308
56588
80078
75176
29632
89426
31036
92043
15750
73182
85503
82787
31674
74278
66716
22657
5642
48708
54184
63219
82965
39915
98012
26584
25899
94577
98072
51967
24793
48401
17105
84481
7475
3787
650
85509
32001
33499
60409
19544
47377
89279
89849
31140
2353
35161
2555
7141
481
80300
52761
60976
81653
85197
26705
60889
64066
76254
80369
15999
39093
36003
5413
14098
31718
60471
97262
16705
56155
6671
25563
90904
85548
91723
29167
20979
8523
62289
47215
54575
90953
34362
43685
78465
2962
33313
42794
74889
34649
84117
52689
37010
23893
43210
12552
25209
44284
99780
36654
72985
63706
96855
76312
55180
16517
70967
38260
37523
97351
346
72775
84351
16433
76782
61139
22754
21955
41072
68569
85322
47172
55814
91180
19759
21110
2848
76179
31323
19603
18130
70756
46952
771
91658
34035
8350
29594
29106
63113
79124
41416
24830
30815
16649
61046
36197
39689
48071
29705
28904
91561
16138
43799
26172
52139
36775
31513
61388
12622
16531
87981
88981
45578
40559
2538
51350
36926
5650
58591
87479
134
59179
39410
54951
55015
52891
55642
92335
10158
74899
44720
33434
85596
42430
92846
28096
2274
50440
8092
97647
24481
94448
51614
25062
60807
68783
91919
34784
99528
65428
42012
8154
75516
25255
39738
12510
57766
98684
77054
96827
89440
56205
98709
83735
77585
6354
45808
76055
11518
15683
42240
59138
43166
62331
36430
50099
48922
34534
11087
37543
44652
93963
15287
39073
46168
18189
17830
60497
48181
79654
77113
23357
12317
23458
68599
40302
33175
74196
10370
96723
71114
47357
19178
83496
6461
52753
94280
48898
88736
73965
65550
81740
243
57513
67638
59493
92031
97480
330
79523
7885
15301
79252
2821
71652
32211
10863
13837
28810
9159
12174
22393
48562
1605
88842
14930
58498
57968
68953
43491
84435
73772
19739
35244
86198
13020
86930
51528
23952
88047
67021
58352
93724
73982
94471
30460
23577
81487
62989
86216
5662
25242
64616
8666
89612
8491
26619
6071
22676
4048
7353
43864
96315
31142
2125
54550
30508
69641
10366
63122
91172
6104
84605
67404
8322
77670
16428
95407
83011
80996
97827
79144
54023
33381
6558
60690
30464
1079
30849
18929
58976
52957
46330
41391
23770
35107
82167
93477
64065
26977
92762
63623
32867
88151
76266
8880
65526
39979
76470
46916
91447
28153
87907
71071
37991
32673
38359
81284
50864
99021
9110
6396
55038
87487
43585
71357
63520
30088
83873
29323
5230
54789
46985
24468
78917
43287
17583
53110
51154
70261
57602
9518
42211
47076
2346
71639
69195
33785
38697
60460
62611
70789
77849
80461
33353
23474
5025
35217
36853
45420
53080
60624
28608
92525
59300
27764
19187
74788
95717
95132
27997
73093
93388
1597
42911
99778
38993
99219
1556
6231
66107
32156
9420
50909
11252
3727
9262
75481
5987
87350
77935
51010
84142
83952
52101
35602
8510
63905
83024
40129
98866
6138
32301
75557
51009
91649
29156
38065
81303
32444
37335
40081
8103
48119
19047
70620
74340
72808
92073
2794
85210
63139
27716
12469
7197
77012
75334
75422
2801
84874
91583
31474
24278
70332
75174
35251
15436
82764
25152
80825
73527
69147
34538
87191
53929
10916
93037
94355
9293
72778
71106
71522
26376
11361
26465
74190
93183
20193
40808
37493
81359
35398
20051
90417
73312
98571
45635
80822
29678
39859
73081
4459
39431
8686
77880
88899
66764
46305
75106
13976
8059
19852
70945
27026
9563
52289
32793
11945
75013
3244
77143
67601
46783
96441
9677
98380
31412
86807
50418
98354
4829
31682
48447
66779
49252
74920
41668
80087
44801
52352
30774
49888
81081
57800
88895
32805
24453
96815
47930
86902
78829
18128
85137
62695
89605
12013
30375
51330
424
55638
71529
63884
26309
70640
63952
35332
82228
6142
35725
77211
50493
4675
7304
99049
16253
44955
68208
70990
25941
73085
34208
27644
86798
27040
43884
61422
80960
57475
43714
9170
62773
23392
61455
35366
17063
36338
14481
36818
11633
73327
37612
47813
47529
76920
95342
17168
95461
19924
75082
39544
98243
86103
11928
19980
89534
90435
11116
22496
81978
49160
44019
5511
53272
39422
47854
16824
34310
73181
37333
85431
25151
81849
70881
18483
72226
79425
53941
59695
91807
228
17391
43577
71998
40058
88875
74542
4428
42927
38733
23030
2612
30532
10911
49690
48083
580
7799
6608
94095
75606
17386
80472
35028
56762
42209
60580
13490
45595
59449
77836
5172
30855
5886
37703
2716
4250
62840
51328
18271
93069
77898
43605
76845
35959
25281
84301
58320
2323
77624
66002
85005
5236
48129
19716
8227
66926
53567
28688
11156
29542
56446
53571
26428
95440
89933
9354
34374
58511
29973
62434
35213
88594
17766
22903
87031
32549
87990
48244
1376
48964
85639
12282
3146
39870
91333
3641
8538
916
13767
92731
43188
64681
48927
61268
72287
68698
420
34165
38402
37414
86356
11110
26590
54057
30457
90390
33324
46593
44520
64202
77361
98547
10081
86487
97014
35769
27314
20340
29730
61553
37419
39733
94340
34226
90823
26907
51006
37071
39102
38829
69400
21211
44267
54618
49459
63954
54357
2395
82702
65843
89501
57334
29154
89028
87565
5524
32309
30776
68305
65715
11560
17243
17259
62435
46565
83933
66498
79075
355
17113
39008
84620
76611
25827
91474
5120
77636
82973
99986
71280
91660
86171
12118
32500
39799
27157
8496
63975
37176
50910
42645
63549
65215
62335
68985
22712
54324
63335
62003
69417
59687
75696
87749
58248
52640
79370
36379
76277
46418
92305
72121
19671
65211
94127
81391
34670
62245
96667
87968
8480
10789
42235
66387
18067
49461
68675
4467
8263
76549
92080
11130
66242
35263
70204
74015
54727
15818
69849
17767
90640
59093
82469
21533
32612
86122
92228
50084
12536
28457
52271
95646
47630
53185
3686
42709
13451
62300
98974
30604
50410
10325
64369
29975
42609
61166
87260
65539
68444
2511
66128
19865
21601
2738
17089
27995
31583
41511
29265
71909
11346
61859
84488
73726
90991
70493
79319
62743
43805
37954
27581
50339
93023
70616
96650
44346
63771
97368
8635
63526
19637
63917
31956
43620
63774
52243
81496
11547
54521
44613
77683
67306
79402
27154
50043
22962
52995
71549
4683
8123
96057
21180
69235
42667
4030
79047
96053
23956
97300
47374
91902
7596
42379
16762
25483
3380
6182
53404
21077
63600
76602
23173
85556
93502
55324
17765
45293
29452
49049
52018
91001
17241
13693
62186
52774
87207
59476
68073
12263
90505
66087
2028
97781
26688
73920
56729
66251
49006
70149
13857
31960
15413
89788
12441
41662
39132
4301
7329
96736
59030
62910
19385
68628
78607
24836
98793
33709
4286
72016
89941
27009
61692
10913
33027
92138
71936
40393
97241
61357
11675
7082
59131
2729
55848
89600
76035
99998
65018
46353
5888
57035
37889
12996
89158
14981
11802
62385
23308
72521
44121
8680
32534
8622
29655
99435
90758
58212
78880
98996
52534
497
93499
96381
94544
1463
58050
74454
19174
88122
65593
44599
36082
71224
84772
74200
16933
24609
18801
39745
83967
10442
97825
26607
89249
88007
21679
91878
21628
57812
95034
90784
19064
47027
36446
52423
21245
28596
54671
39593
25043
2096
48845
84869
28165
87175
67018
15921
57985
75660
8543
64167
37984
65073
19767
40299
65921
5049
74497
98502
97036
67617
5944
72646
33482
22938
56190
71486
74871
98040
7718
97068
51090
73866
71698
60631
49816
2326
74394
99086
26694
60112
22635
44683
93159
2067
42214
59368
32838
94327
17760
4278
41075
341
34699
28345
76133
80358
58562
1602
34133
59305
63181
30094
13852
41266
67925
60421
41762
10618
5723
62847
96496
17502
95887
9324
74027
94557
97273
64876
25938
23071
85435
92637
35743
15211
16657
48069
95492
96964
61719
72511
39123
44975
71571
31251
77233
70314
94784
38912
40489
35659
30690
46635
44330
782
8631
40077
33150
94770
64951
70430
80
9337
88114
98289
36065
24316
79129
5851
14504
6494
42184
64118
13187
50053
54601
80287
9648
43709
22078
8738
89853
19058
60765
17478
20267
85204
40410
53828
11686
27646
12072
40309
75577
44481
77998
32421
8735
95630
73848
58106
696
66380
28396
81105
94255
20828
90553
5645
36577
49186
65463
35627
20492
6176
7624
78843
46673
47093
52683
17521
56144
64480
7437
62750
25905
60991
35405
82716
6373
56046
1621
18444
82203
52399
24474
14995
36907
3915
61807
43095
41021
1590
49297
92292
77286
56145
47015
59450
96968
43588
80644
52182
78370
72483
30141
58002
10112
21328
82585
81984
80642
40992
1012
31081
66411
75009
38083
38015
17364
27903
16332
70607
71709
60750
39440
25092
22299
35287
75428
70292
21206
88663
99488
19944
4708
17379
71771
43038
73300
22640
85836
70231
17803
74010
39327
43749
516
50335
65036
29550
92480
62235
32898
18879
3531
34071
78962
82224
51521
95906
21860
42996
66636
56360
65203
7982
68960
32837
84239
54281
81855
77422
17601
63173
23019
39178
41774
27093
53787
17208
90394
86291
41909
53950
74891
69340
40929
97981
61799
83329
2334
78497
18438
18570
44252
24397
63187
12909
68033
59007
22521
38327
93465
51274
60420
69735
10445
95194
72814
93295
95589
36758
99293
36859
73301
70839
75275
98307
51733
9512
29280
53413
2127
22663
52879
22305
76921
85661
24988
98028
94441
79078
74635
95451
31477
40493
68230
27372
24878
43398
40541
86217
40985
22396
61720
77340
99111
24457
27262
20333
37625
39957
38181
88465
15500
77659
17600
88437
74046
34880
11512
53504
68746
50125
59252
62053
42027
66884
34023
16822
54611
6131
68148
28547
44232
45916
18991
82986
22740
67795
14838
98535
44819
93940
83868
30858
9164
17376
99702
96260
87518
59814
22155
96737
73688
10553
40149
89144
56670
12132
81748
74909
76892
13256
83801
21522
76278
97321
69845
83551
34112
37987
90676
79788
1101
52251
59669
39587
76175
46406
54005
42775
87740
25716
51178
34495
42768
84817
88755
99687
87091
44560
99065
7088
91605
9305
45977
68173
89608
51044
9932
35821
69698
35038
13871
98841
61565
98852
7540
18465
95696
68739
50520
52492
58875
8786
22139
84664
21500
9461
73520
56276
84722
69640
65334
84216
30749
26529
30396
57943
80269
17891
19688
92697
43692
19728
15963
57723
3730
46907
77722
61718
54980
84587
41179
9451
64184
61513
719
71608
82332
56766
92759
75763
63289
91326
80381
62745
42840
63907
38037
51048
99863
47264
94555
84008
64594
42488
95095
10265
87666
15445
72700
52936
62466
21172
36595
54120
86395
98400
43114
98274
36066
26852
8530
78710
78294
89904
54770
13304
49313
51036
2388
53949
63438
57058
88616
80602
33298
83107
11976
80849
45050
46580
16600
80207
77306
48139
28628
94272
57051
49567
88750
15934
97029
36224
47178
75190
36456
46259
34330
68533
96289
14201
86007
10661
11469
61845
15525
8695
73417
95731
94250
54016
81498
6095
9731
12117
38901
40364
9476
62590
70827
43715
19330
28899
93054
31339
95033
79145
22015
46540
22633
1150
30961
63918
41001
80758
91351
110
6910
42893
53853
85212
43713
74213
12913
41930
62287
58689
41711
42769
20005
24384
54582
66816
85769
18843
44921
3239
92796
46473
38062
70450
90504
27392
56244
82102
90439
36143
94545
72364
87297
58704
66638
94221
24126
8962
7618
28914
17133
23697
5938
16220
42324
80327
15127
34918
38859
46582
98360
55184
35544
2393
3336
83890
20778
27158
74169
73223
42561
33675
33274
89527
6628
97435
72250
71766
13081
43420
22776
65939
9859
27925
86145
58408
14586
4248
93828
58328
95381
89569
78996
83298
97001
74568
87525
44712
78871
58056
63581
19065
85614
86978
20007
3747
60695
9608
39984
45856
54608
57393
16054
85464
60510
84404
6263
83810
22178
94960
9167
73809
2854
63505
37156
45217
11516
67779
69982
29049
7708
66484
34554
32205
37400
13859
32113
14397
69196
40088
79219
84104
15029
73606
82856
85942
8304
77228
54269
4494
84363
65197
97380
89425
47602
92075
76856
1316
3643
8126
44226
64057
9458
12146
14811
75579
74664
31050
32848
43889
33469
32367
42512
77292
68189
41148
51315
4176
96996
8564
56924
59666
20123
92603
92421
88982
43789
49046
93350
11712
43389
9044
95560
23105
83481
60811
81800
48509
69086
33961
64602
3050
22570
84519
5742
76386
84002
39317
13954
38676
81822
66412
17455
79227
28306
61464
54908
92634
17716
67499
31616
32407
25915
19100
75286
89093
96423
93099
24543
54998
9317
2973
99056
44702
96593
51369
23439
77532
15044
83292
98850
31959
26915
79186
33478
88617
379
27797
23069
54923
80232
15023
91152
10650
25166
66486
34458
64005
27445
74249
96380
46792
72339
91208
33678
52206
64333
96141
4429
73799
32054
51576
64544
61966
93438
77126
54534
46955
67369
21037
70741
79992
70498
64163
78849
87184
54389
1677
86364
56613
24693
1011
11149
33421
61020
41146
77950
69677
28229
26655
43971
70086
22995
1369
51712
90713
2435
3268
46700
82656
51636
55151
29873
76359
60176
48482
86622
56755
13716
39639
57153
6350
35615
81128
17723
31471
48327
61586
89552
53132
33856
78785
285
7371
1317
68536
72329
59570
29299
8785
42804
1494
6644
31517
6606
16231
37939
98367
15767
83729
71131
87282
56623
23911
92773
63350
67226
13203
90612
44115
98430
69185
11159
95338
78048
87320
85783
77797
55533
75786
23181
30876
21560
12582
75895
60650
5654
63507
64362
26724
54499
71420
65720
24690
35499
53321
81172
47391
67259
44739
89116
43454
63455
55999
97099
46306
53306
29954
23423
4053
18647
56939
15266
85433
2284
28946
30812
8305
74910
96762
20908
76583
21054
79569
79614
62809
38236
95251
79095
14077
71604
32946
32933
60166
29700
24584
28898
92571
80827
49714
97801
71597
55667
77440
95334
67224
33496
40557
15771
7463
94612
8859
40856
91281
4376
31888
47576
5840
33589
46958
23625
72449
14976
78380
14622
1019
66476
85691
85721
8915
24032
26481
5954
4689
59389
99097
1268
32454
412
12572
9768
4438
92279
44500
24414
27296
48987
81773
99584
41481
25501
73703
12360
47260
25137
20997
14296
62354
59509
12136
18196
3756
69386
31574
86211
28630
54873
8868
38995
77649
69743
47287
59857
71641
10957
92806
85138
37736
95585
4244
7854
28552
21103
1589
22414
55425
27443
43930
11828
82324
99650
1668
98957
99222
51208
20381
97142
70592
86015
81766
80606
82910
88175
26630
27456
15593
26253
75496
47199
34771
5144
718
45045
90025
65422
45721
48546
48009
57725
89761
37443
95601
86323
54831
86251
33717
80052
7503
90833
47966
3659
12880
91062
66605
56369
71660
51582
31058
19666
93583
29050
25757
19729
25898
45410
67811
65628
93586
53937
58097
58228
17416
38308
46039
44877
97788
3750
38353
82252
20365
52298
10268
97263
71162
49546
26057
30527
42569
68422
70997
52261
41342
78704
70336
28790
87589
2157
12884
67670
36863
92414
14259
12583
69774
42249
13549
4890
63245
37129
96934
83404
10903
38330
21863
61689
99673
57315
54695
62004
93639
33525
11143
46487
10546
10503
33636
56715
91354
53963
4512
5325
33386
59584
72421
49294
81005
22445
15011
86519
37561
13469
22964
56904
71971
2835
92567
90230
36637
90686
89092
41868
87038
95087
54637
6533
32649
89725
85297
31335
89220
53200
63211
6706
43492
42980
97035
10454
72973
37674
19007
12210
88719
2332
93503
80940
99947
4455
9260
99884
26066
71416
48789
463
99128
47121
84401
92670
46517
89556
16083
50558
94536
90067
22673
9647
79056
22575
91445
17618
20253
68962
67939
80946
73412
81356
19938
11968
30419
78750
80420
73596
83836
54126
30914
18318
4952
24074
57479
65442
9741
53332
51991
14908
61247
6881
75008
66466
95799
14049
99761
32131
66742
14526
44106
45784
60332
4215
12841
28449
58811
46723
49306
54728
20493
13647
36880
15254
20962
41478
1228
13584
9098
82434
28246
75673
76440
8368
32452
60652
94036
26666
3505
79706
77305
95466
50820
65555
5529
40329
43684
34042
96177
78233
95228
72268
7015
51290
21019
12603
98797
74476
71796
23091
18835
76790
35736
44295
42086
57195
77514
63803
49767
58339
88496
14315
22446
11439
47318
61665
74188
49531
20211
53065
31710
51283
24811
17952
38651
82572
95431
5331
50769
79834
97249
76241
8257
90342
49609
73816
88906
69611
50609
62532
26187
44767
21550
62848
47962
51421
49916
79699
35278
3688
97952
85792
34078
58589
96603
55722
612
98352
56692
62229
88723
10450
69517
20496
44814
83501
90307
17604
66637
49619
59728
74972
10203
34911
84028
11070
96468
2295
33975
44545
83934
73347
18306
91912
42882
32748
71662
79492
66059
92164
50882
98222
32613
96676
36632
93101
5595
40870
68520
45796
21661
87541
48291
63958
49819
8023
8546
89674
90062
41896
92519
6154
28858
24452
48968
24479
17675
17340
35039
9656
33328
18259
21347
73691
78644
45982
65261
74631
33534
14644
37537
65878
30440
6013
89374
75027
79790
83129
77000
85336
75559
33110
55901
21816
90441
81831
31027
57830
52579
60049
89803
29856
15241
8253
75256
12825
39706
26891
76468
46800
19027
92315
68379
69130
39623
40056
49031
62973
62651
8873
80794
17099
80637
81357
13002
51783
72071
27455
92882
50430
99867
71193
4754
84499
34399
5956
51821
13121
16805
81882
16746
40679
12221
75877
42536
98812
38426
22888
34759
13563
72095
9396
5687
36085
90710
99456
2088
37124
30541
68596
34379
67210
28212
11667
25453
49972
59541
25415
96245
11989
54636
36150
43979
77058
92877
99987
20432
94367
44444
33362
48424
32437
88941
58144
85366
45515
24333
58256
5943
47242
77355
52750
47888
40165
28388
71174
14287
15869
91430
86506
23546
2083
87675
41961
89543
24272
33229
24081
52225
69152
70730
14585
14274
49327
27162
50155
63050
69440
61725
91008
24327
71749
85992
19263
25818
1869
75681
83127
2516
50733
99972
92734
93961
43720
18097
75530
166
78896
83889
41923
24953
26880
94906
41415
14695
4377
67176
38219
46558
4579
99428
66287
55437
13408
27399
67985
39702
54663
85208
40845
14830
38112
86138
76454
13725
5683
54697
79904
87988
10061
35012
31818
5576
49431
45513
41857
36354
42019
65719
36745
93333
64146
73737
33371
52187
82662
86090
41790
84503
15876
1236
93362
57716
34992
69076
40946
86427
52598
53224
9061
1709
36226
85362
66881
66862
56748
31397
93244
80604
72733
81581
39588
24496
55035
3885
64966
71511
74444
89868
82226
42558
63429
67471
54937
22206
21252
8948
79201
3675
61893
47086
54863
49454
83206
93339
50191
65537
67975
86316
73119
62907
83419
59139
43576
18475
77060
29514
22921
98488
69022
62234
66286
92481
65780
61981
22099
81279
1152
73796
8987
93640
45936
18132
16372
46980
34430
94119
97404
66375
83935
77087
40509
43778
21380
55378
52605
9622
68216
60771
19499
34376
64812
58419
71717
79180
47315
88452
99396
4014
64003
8492
72763
20898
98986
32299
55879
12220
50706
22136
89586
10647
47853
9994
90236
41928
16612
90186
35452
32361
27674
90563
90981
30237
86340
72312
52069
26018
98381
601
78181
3354
25363
45083
28660
12620
68041
23275
33501
17316
58274
12217
35937
42140
47768
87511
37346
59491
49358
52788
76092
65391
37580
5610
80699
83466
7657
42448
85370
27231
55202
5818
33454
18315
36010
88799
51205
87028
22030
3468
4845
82191
62149
16661
70335
59700
88938
939
27531
172
9611
65903
26820
56100
19398
70663
5116
25676
65167
61025
85485
64263
75400
66351
38439
53175
9630
93614
31892
53922
25196
27109
26491
41591
65363
11899
24602
40550
37788
68907
33849
88134
54511
40842
38960
11835
91499
82438
49654
61484
32814
33299
73793
53143
50052
47195
876
16135
99389
94506
39938
64478
62383
73881
31313
6008
659
63361
24484
63622
88146
56076
28977
78712
26158
45097
60534
46340
10653
66528
1411
46088
17876
90655
59971
75647
49586
517
42274
28982
52893
99735
54227
57824
57954
89837
71250
30071
34761
70862
66876
83204
61702
17709
41926
31774
6948
73876
70
41225
29600
12349
15295
42929
10514
61977
37676
50321
73146
49094
10232
95635
73651
72028
88258
49931
40217
30733
66170
75670
22825
23343
54368
86187
26621
32037
64593
99701
8334
5273
36053
71636
21752
66280
17537
36117
54296
47785
7922
47200
2510
58578
71460
15523
66595
67340
42116
97452
99805
77646
4712
16592
86272
75732
62124
88860
58593
96338
43241
83174
29233
23634
53479
70889
15719
52997
96404
22325
90808
32083
72073
37774
49509
62160
16908
14539
16637
38838
87505
25304
11403
66362
31116
59641
54030
80000
79981
50041
99923
92304
30225
55406
85743
24603
32237
84835
93849
12733
26445
88987
72578
35171
79861
10685
17541
74955
81697
55304
90165
98326
22412
29024
87069
74271
66074
52318
29286
48591
86730
45437
38779
85263
89929
26398
96682
33714
29415
87873
1545
13110
50411
26215
14116
96097
24541
54668
14278
417
54217
89213
19966
63101
9769
96259
96140
27245
87429
14037
25951
77921
51067
55115
95620
5011
57792
76829
10149
49011
94923
34382
78104
9564
61423
88669
48779
7668
1479
37233
66640
61770
95756
36932
61629
30793
12678
40103
29093
72532
17104
51144
67128
21562
76816
87691
69626
98532
48843
30807
30139
32658
849
95160
14872
62863
83054
20912
65741
69073
88228
91780
2731
5064
8414
41094
53730
99838
4933
97950
54612
28647
8908
74484
10718
22324
25164
10843
37621
32089
83278
1103
6802
34661
44100
80797
32490
98813
18413
11643
19682
49247
70972
80060
96499
57737
31226
66042
9238
78
9466
88270
10831
429
52577
19101
67215
94489
94422
51956
22701
23599
16537
5278
51098
78828
66868
13703
30224
64404
4214
30524
59753
29437
62037
72175
71628
31428
88326
13721
3524
20283
58627
85674
64455
18496
88716
24683
10659
95386
39366
75545
21329
66821
43960
88136
77779
39441
56240
86132
45327
73370
1210
89878
93497
65857
88102
78826
4576
85047
58396
70557
98674
84675
27442
48581
2958
75976
33464
38576
43977
10529
65135
64620
66551
42003
39505
68436
51933
97229
53972
83285
4936
94637
47411
13611
84641
47433
34576
68657
28902
79553
47352
86270
96286
36924
82229
32689
89880
54748
38403
67415
18248
58249
42181
28221
43536
19311
90189
18875
50494
6888
67539
97186
50678
59079
10537
97941
56441
59465
44233
89972
31159
84084
52602
1842
11605
16526
59227
58801
74433
25921
24937
21311
16030
85869
84179
44399
75185
96012
13907
91374
22318
72271
59239
71189
16391
73062
2429
2535
5829
29848
4819
35715
90689
37850
6991
68143
30316
34962
69158
39292
48992
53894
45378
9703
65880
85827
14207
83252
94679
274
2743
75761
58892
69270
80379
91210
8402
1472
13359
59133
42492
78640
62599
86562
50393
33592
17565
61165
68513
62632
51279
16107
62374
39920
71536
3460
76325
88626
11000
68004
4965
93808
55491
79182
30639
55356
64520
9790
11097
63229
26490
50611
357
82654
76390
46877
11063
43189
69206
94515
15270
97819
85320
37064
45865
91590
92937
39200
5274
26270
12101
5258
94181
2281
92373
9970
43415
86119
89091
35141
49120
41597
87733
99783
83265
5401
35708
92379
32598
75223
81196
74302
26107
59589
32759
99419
88239
12341
18035
93134
65020
26286
53219
23939
38428
96657
59099
48963
91023
83039
68668
55103
68178
57488
58637
94938
89713
66977
76701
79885
87906
80881
9631
58019
18268
26073
54465
35865
97611
95366
43244
46978
12672
62609
53758
65207
68835
49479
99763
62487
71502
71173
62854
47382
29432
7920
58005
56776
92560
62686
81410
36216
39434
32385
19936
15191
48491
95866
72088
73655
49075
23931
22720
89505
54379
33520
22788
57993
76605
22946
3590
49194
23687
17751
6040
58678
74225
78808
50354
8203
49676
62023
18839
195
29580
88084
48939
57692
3367
20826
81484
8000
72971
97892
71089
28870
62312
3654
96718
57898
87148
83924
14835
16362
21129
50939
91574
52688
11013
10478
53854
8754
66724
42355
18992
79233
2118
98523
72032
96745
49032
31158
35686
84131
91203
82206
75843
58448
33359
18482
82289
88586
4001
29457
34586
69883
61529
74275
93020
41710
67759
22661
75457
55188
54794
68845
57140
1734
41050
99282
96656
84299
45372
52001
14443
63491
15369
81976
92596
86389
32891
19965
88178
49148
63437
95548
22737
12632
87472
17698
61476
61729
96932
49997
50108
53911
98011
92830
53751
299
3269
93016
63305
42224
69072
57261
10579
16210
9454
11691
82130
34767
75387
17405
35532
26144
73124
31971
221
83734
81358
50454
91537
68694
88407
48448
82825
2033
93881
17658
51895
66497
59421
10283
50529
44406
893
40208
22028
17808
50130
55273
76281
6416
69187
4854
64315
26837
77489
72539
97562
55242
30633
277
54751
9990
28295
67229
67114
27686
23512
1671
85505
18056
87085
40989
28239
96924
81494
55841
41552
80491
41804
51225
32565
10190
88332
9708
88717
39478
46401
20481
4015
8299
22674
89499
66192
44666
12980
42382
26427
54141
56607
13803
44257
32663
67611
57555
67950
75182
84270
40451
8756
86655
41175
18552
69395
63401
67164
95403
18038
93925
12306
30601
66431
73806
72053
82255
72313
17509
55839
4929
31832
9876
48321
92564
68606
96470
23898
3965
91045
92704
30135
10732
55433
87240
25299
41182
80629
1484
34651
84927
98253
60391
96174
27604
22006
53182
39755
12788
60802
74921
75105
75733
34943
98790
20580
27634
61548
79207
90406
66838
57688
47476
64220
39986
38111
9117
48396
71993
68568
20251
23332
94942
72601
23708
67536
50772
31290
54876
30196
95632
91017
4574
83673
36574
74161
19812
8874
63163
31566
32822
6262
38660
3342
13207
12948
48267
26838
15579
82486
66143
62631
10819
86785
3944
62392
61813
90221
27545
77108
58530
46529
91662
93376
8292
78391
29853
48163
41425
71055
44896
14919
80347
35643
96978
43808
91944
88950
25557
57670
50098
13107
88771
22168
15424
31920
85367
31445
2290
26700
15950
68247
79327
64292
37766
92472
63096
37177
71171
66472
69102
2287
13147
814
61106
7762
7687
73487
47835
40322
83357
53299
13867
85975
8425
67589
45239
56120
65612
38946
28083
77494
69600
54329
52173
52006
71772
56823
36949
78403
29532
41303
31737
45477
51903
60122
69282
31350
55457
70948
92851
16150
35596
65202
44926
19236
12144
24504
53943
95608
1657
40257
6736
83117
78020
15939
54253
43018
17930
55951
40409
1096
16418
91317
79990
72731
68700
6180
60444
95119
47193
71481
31668
4937
59580
13808
80723
98758
8285
79244
77197
33209
52700
83805
97960
51667
60828
40865
38309
7650
79865
30864
33491
99764
87836
73098
12606
70891
91551
87918
83829
63232
6686
13831
7529
55510
45085
29439
65088
54816
83164
51388
66937
88782
36070
32627
18402
57383
35940
94162
99134
5394
32882
77949
96592
24919
90408
51156
19855
60964
11874
94425
73184
62781
26509
2775
61485
5371
24460
85314
90101
78139
63639
30199
29238
21485
451
65807
41277
77599
52637
51349
34692
52070
35590
27539
46157
30680
63853
62659
76839
93045
38817
77225
64683
32818
16708
39492
66299
76772
65812
90815
79793
51152
80788
7230
64297
14429
77634
66053
70631
48097
52991
84226
54267
51694
16710
80313
44479
93684
3565
62056
60866
39497
29194
58580
11386
25619
61385
27557
16453
49136
5162
95596
17320
25717
82082
72915
22761
53503
51975
25914
17542
23045
97094
74978
66784
3033
73123
90950
7592
47975
43163
93455
19084
4671
24260
71807
52989
55942
19150
49823
423
93324
40183
73441
73014
135
70062
20324
26757
74285
50812
89079
45107
99531
79397
50469
79785
29748
21983
34474
56366
86695
57323
97883
71761
93219
63078
62038
69
52650
29630
55965
59839
84724
54792
84250
3817
9086
56883
9771
48040
39737
66737
57428
65757
29920
62152
21576
86511
22432
56614
76453
3008
35632
28133
67868
47220
56189
65569
43327
44
31291
34359
93102
23582
61879
24819
2802
1395
57333
39962
89002
81595
66129
92801
47071
54509
38167
42370
21739
55417
86969
93445
18872
73557
86297
21366
81273
88689
5784
83843
22537
44436
32917
21223
86368
54142
43775
70648
45366
13162
98697
42194
2315
65213
44347
30533
3407
49551
25033
5778
51867
41026
45074
80150
90829
97332
46690
24574
55418
38706
38145
7352
11974
34640
10950
37392
45426
70236
26699
66436
50133
20811
75527
25979
90996
55258
50698
67502
93822
92703
59291
70552
56976
666
81527
89627
7789
71211
41647
35645
64949
70675
56088
19342
79746
56126
14881
92650
68055
48008
85133
41331
46696
42073
34012
85803
63793
33877
20254
38751
7636
20415
26412
28346
29862
33385
91181
37047
75311
48241
30874
17990
27176
11412
75850
37587
73040
70506
9064
44366
1255
71311
32063
2916
52760
46778
5447
50478
44700
44673
8082
46120
63927
81819
67437
96516
84756
97401
33413
9148
46284
8083
92
96209
91643
3327
80649
71079
76301
20529
18711
74984
28209
28187
3503
20114
89061
83789
99739
3789
52080
33245
48505
42936
5544
65279
30991
52686
20127
38543
8824
41262
302
36791
18713
41578
82227
58967
83699
9405
77542
21344
54306
29952
90311
61146
82920
72608
61822
46665
35116
86825
36413
16195
94701
80167
57151
97461
46510
8610
33019
31731
27256
91808
58768
18921
42839
77504
46351
44258
72273
28016
34852
42374
74372
66153
80636
73045
35013
62267
34397
25444
6181
95581
69923
55721
45914
5341
21494
90463
27293
84152
97821
26005
38737
81247
92348
81059
41581
5000
5187
30103
13641
71793
42117
95384
56450
24876
74420
6877
38481
75596
55088
73264
54216
82790
99073
40544
23164
40367
34342
48296
35835
86566
27519
3970
81378
39314
76834
68351
63302
30676
37673
58818
56206
81545
89833
77249
87309
92505
2099
29165
48155
63003
10783
94587
72968
30442
28034
47074
90297
18618
93672
30999
42277
18353
3184
13581
22145
73564
62111
96135
79850
79048
64652
80144
13769
80079
21136
85285
38010
48944
3180
9321
71371
70154
74219
77995
53038
37489
74371
40042
57368
58135
63382
37209
80028
26310
30786
43567
86328
88991
27317
4917
26614
56557
52062
24119
13572
82706
52144
22715
83904
8559
74761
62190
98493
65700
408
44010
6778
18725
53054
29662
80449
38661
63610
59982
65902
89950
46507
48720
35010
84550
26290
21212
960
14216
23114
33345
83807
94997
13588
51705
4570
86455
93113
83682
26729
39776
68770
42044
48307
50150
80941
3749
35393
22439
39285
39722
42522
22924
47212
11119
18666
84894
45925
18121
86490
68157
24132
3996
50151
75856
61320
10121
95610
58567
54679
74552
26935
52472
58007
41895
34159
13044
67813
88244
74811
52990
83010
88237
90577
51403
54593
87977
63170
14080
69041
25379
59581
85600
36512
72351
5400
92132
44087
42908
97046
71397
75649
23396
79866
71117
83391
44177
26515
32468
11681
54515
75705
34132
67913
65286
64403
69233
54301
24415
36936
9407
6696
25801
61909
31018
31697
32152
44736
42182
70867
42881
29010
9387
91754
31875
60859
34925
86191
74602
74449
50655
43651
44932
31991
46311
70825
96394
97687
52786
36203
33087
31478
13040
47335
71315
43596
70845
90468
16575
65236
47085
69174
78103
98290
4595
89142
86584
95322
14367
63005
29570
65668
90267
6545
62810
42950
80938
4809
67551
84662
56694
43490
43986
28563
12735
41178
3798
73910
98419
35972
28517
91916
2291
86501
72042
73110
37972
24337
74221
71572
51881
11705
50968
60672
44448
57137
35637
61972
18122
2396
713
45104
32925
46183
22076
9353
18905
26269
20995
47366
19609
42185
16934
85851
95962
50208
48422
84669
52863
34284
12327
61796
48162
26065
57875
37550
32310
49002
69090
37986
51707
38242
51596
27436
13137
3450
36306
46499
34239
80132
50906
65916
68349
21189
15600
24874
65892
62650
50419
965
25117
33189
38282
7924
15054
78118
82482
26759
68088
52086
81149
26775
31974
72974
94198
10152
50018
70293
90910
22023
87452
4789
93900
89539
89544
22768
53267
30299
11645
17218
59856
29096
19215
86010
83262
4393
34219
31650
43704
85288
57308
98123
68286
42423
7191
20648
43159
10776
3287
72951
75515
83409
76231
65405
48481
24669
30966
80715
22665
34018
3119
19817
97899
52772
67515
20590
95351
24583
80811
83646
99669
68477
23266
63303
80925
71246
74589
94687
34957
8107
90075
82590
79465
77467
10115
98169
26809
55633
8444
61233
61777
9022
38461
89313
44371
16795
81950
2517
97707
16379
73317
10236
56574
68640
61850
30314
75033
35813
24569
16693
29942
78986
68500
6332
74562
56010
81796
10814
29985
45772
18996
94302
25124
74000
80787
72412
5387
83548
40504
23307
81424
51809
49961
11616
13026
46693
44220
65554
60302
53157
54147
7021
38679
14281
29406
2742
17886
10978
35346
93571
33615
83588
73058
17269
33855
51802
98409
63406
49133
76604
39828
56053
89236
35537
64952
54850
96416
38875
8354
52232
84842
63873
18394
16797
16053
79326
63260
15978
47386
84897
72172
52285
58046
45776
77610
90387
71467
4557
38164
37505
70492
36235
28100
56380
36384
38775
78612
31760
36786
88359
30875
20337
3420
75001
11523
18050
86677
89351
93245
74606
17562
27251
86636
98126
55774
99629
40950
30936
32505
36688
99693
51580
43570
10554
49662
81129
46390
9362
48301
49739
55767
23276
61181
30189
46017
11312
13491
75188
92360
98467
65608
6715
18759
97963
15527
89913
73621
48969
63764
62159
80887
8790
1642
36507
41805
3255
81908
11091
70595
76585
72337
88204
40632
15991
6580
54569
97082
4932
69706
10623
39523
51980
80226
44160
89792
41703
33629
49037
98420
12696
86685
91889
88547
60366
30346
55566
12231
30406
87663
60360
20638
49956
13614
33686
21160
30387
78736
4645
57349
9751
39917
34822
61036
50206
23428
6788
78117
78801
66457
93366
40073
57327
99957
23178
56974
25520
45957
70244
21787
47238
91108
21324
2048
14617
89689
40850
25641
93979
84877
90370
75341
34322
92322
41618
49445
36540
70653
30735
83813
38598
5184
52428
8772
48940
3845
87607
25046
29649
51488
5136
88664
49379
23519
29315
48218
42350
99842
71414
69966
7300
22868
59393
93079
35000
65194
32788
79419
11326
27499
35071
85930
56395
3938
45750
50168
82926
38804
71774
95184
45125
46034
64085
33810
4994
56149
2596
18671
95123
92293
25892
83201
93300
52843
86102
81103
75339
3725
35011
66496
17197
11163
54059
60008
27687
72330
77923
40416
45672
95406
35367
38322
62718
85627
21516
83108
34988
71241
29638
37246
35280
50753
60053
49390
53938
21312
67297
7053
18204
46677
44240
68013
17685
34412
37039
57642
18085
31277
2422
20868
92334
16249
79826
17169
23283
72176
4730
7199
31582
19761
35955
94430
79280
13650
32864
30292
59972
36612
23618
26841
90665
28910
51498
69687
50471
19269
43372
39498
51222
88479
90018
70419
77438
64865
7811
63203
82007
18330
72036
15886
15375
4839
94010
57523
38505
54786
41905
31963
72689
53527
48284
39673
11253
87250
56150
62280
82265
23184
9765
36707
69604
97199
95922
8661
96998
9831
44909
85041
14254
69994
95625
89421
15901
11468
13704
39486
45112
38228
14796
41599
74357
62824
41040
61640
38054
63648
31904
95
85605
85422
73097
17724
75253
86884
79566
69259
63250
15510
7855
56286
80815
16936
11532
85353
48415
30588
53528
27671
36412
62927
80623
88495
70973
70713
85736
82157
24670
28974
20235
11182
68776
18749
96748
75011
48056
84508
82116
95540
28822
51581
40980
76172
99869
14014
3306
79228
57411
34760
78911
26639
86607
87389
91688
77481
7527
63412
71446
28111
62206
35554
61671
9670
47698
90493
52998
24401
57592
82928
47268
56885
57031
41057
64818
40597
66326
81300
36366
9470
27842
52746
90499
52852
17409
51153
63973
58489
78287
91962
14880
49685
82133
32671
89406
17058
13221
76065
22141
74956
30061
46953
27937
51192
86906
205
46702
72127
48971
47029
98486
80072
44434
8201
77065
47450
64363
97403
49548
22037
43424
34273
9497
52465
42262
61580
81136
72392
29651
61704
15648
28338
82274
74452
72562
93880
24248
6508
98366
79767
17817
50645
24336
89943
74801
10167
9208
23468
63454
24654
39344
81614
56203
62506
23402
89885
75247
67399
12083
85079
97301
85124
79778
27649
55341
75143
23798
25764
67575
53239
6025
76326
11415
303
42513
80777
33279
3370
32618
581
52305
36912
32660
75087
32954
60119
89649
72529
74483
77034
40648
69088
37959
80494
65839
29650
36560
57337
83689
39162
4769
40698
20408
1764
96179
82473
74608
36104
70079
20941
33498
56958
28863
77088
19779
67629
1694
26007
27379
8091
16625
52919
22033
10440
5448
16190
10501
29915
10519
28827
43950
33883
92078
94108
48821
63537
86346
88113
15721
19733
28841
57881
26275
17533
64572
45667
71670
95014
11160
3819
14272
53747
86574
88065
54403
64301
72284
37424
48901
37168
99964
94865
32014
45077
70642
83953
84986
13488
21670
66271
81231
50989
30126
36453
35647
93776
62552
95514
47443
45777
38034
23549
33834
95261
70850
40583
20750
51272
45584
47247
49821
20376
41696
6247
60303
50832
95650
87233
73272
49364
23723
26593
46207
59710
8969
64268
17951
46600
644
65944
92777
59061
83739
30219
87420
93702
96228
2258
42977
67463
30232
22312
15293
95333
76722
41374
29200
37574
39798
31131
24909
93299
57955
45843
10834
68742
28226
2140
50247
86623
7432
25565
47292
3025
68958
74588
15763
38917
4288
11577
16358
88060
44772
18890
7648
50530
92959
12495
54467
46169
48265
48915
29227
99542
4496
817
50605
98858
89068
17921
54341
55083
19232
72637
61063
44742
94817
25469
57189
68081
34601
89027
1970
95767
28476
55377
91473
85726
67284
82008
23281
15359
56667
94496
83375
10162
63584
41582
29230
88073
64008
24043
85223
7698
70550
94188
93952
1547
6419
34176
21088
69959
529
35468
87421
90662
99368
75061
13821
58431
55469
27739
13058
19580
65575
16313
99229
83120
67413
35177
56520
3046
64123
24225
76413
63933
48759
60678
41565
15425
19262
46030
91539
59770
28272
76340
72157
32582
18043
64554
38734
16277
60252
18092
7853
6946
37318
32308
1561
8344
78455
68414
22889
75821
31752
506
46776
67301
64233
31005
66462
53823
26992
27956
51876
18409
56459
92892
39166
58302
50037
79266
55527
19015
22653
62872
9226
60245
71409
94853
19014
73142
47007
59256
14284
86619
25369
38337
351
59199
24689
57458
54962
60416
13474
88643
85463
74390
40660
8958
54483
881
56594
2565
11759
53305
70014
89215
24421
92430
24095
90407
57675
56114
88861
22909
74666
17635
775
97533
11837
64001
2952
46612
18089
89574
25002
37531
56315
14114
62073
1798
36269
87035
76460
87879
83210
53184
11051
7286
33427
47324
92269
93062
73431
6790
19597
84069
37203
59935
66220
67665
51236
45272
58672
35759
7364
46528
909
19559
64567
35132
3432
99550
29523
78440
23038
51935
74600
93913
3478
44940
62569
43006
44077
54155
21394
52178
77619
51491
27220
75335
3366
72496
224
76774
4558
93
57577
30891
86895
20973
58160
60135
4132
55543
75274
16137
48700
75591
74866
93607
33023
90209
86829
2126
43447
2115
19217
95600
81904
37812
64452
92948
13151
86045
44064
84867
59247
18810
58189
79594
3110
56246
25305
27951
39369
24730
28732
83434
78133
68165
8225
79556
88436
83314
94135
20273
3956
36691
80036
88732
47114
63609
80474
24279
95529
97037
65573
30710
58786
7178
28667
32797
41085
67381
90148
627
18604
50508
27081
36081
69379
74537
13707
68920
18269
35805
67816
88896
23969
51781
46548
86152
28694
82299
83997
55560
59111
79079
10429
32840
96759
45686
35669
63032
89916
72590
56161
46761
32634
14424
56049
85967
66168
91125
37240
81509
87092
84051
76073
67119
37559
83352
69832
79953
76576
66296
92264
16740
40373
41884
21687
86919
20406
87537
74279
55854
49483
23242
94099
40297
38669
95639
6311
4547
53260
17443
12124
97820
6758
73452
26617
38998
67772
12197
33766
91642
85883
96552
62284
47142
24406
49361
8333
66531
72138
40672
59983
13336
12386
15168
43815
11430
48435
53458
22536
75012
46079
76388
98153
70543
2660
44861
52970
92045
52504
82054
58837
6993
12631
75485
20346
56844
17374
86512
96785
22596
51288
34583
23789
5089
21263
63589
1457
41314
33814
86379
43776
86542
26417
88109
62257
12593
92401
35846
10842
44017
45114
59938
86055
76279
92345
68706
8245
6556
92894
78749
74707
56809
2278
93670
73984
45828
13064
77798
15716
62066
59845
94945
69252
51988
87741
34929
33084
2343
43648
55745
72638
31293
26235
76068
1424
36717
23773
59574
11881
39916
63511
60727
88321
1720
99336
81726
83182
32081
31144
27606
45863
63536
87759
67898
84445
88568
65002
91144
78899
27236
56678
8426
74245
30657
6123
29198
25530
10605
33567
17404
66309
64704
7086
15591
37651
98466
83845
20840
37611
48112
96440
60315
70260
65251
14713
31545
38885
55738
84763
65567
54263
30240
90707
2526
88806
60884
79226
17413
80183
13559
5238
99494
48309
45503
83098
15003
44789
16857
95678
90588
27067
40441
78840
89456
21219
10123
61285
85559
10656
35746
45835
97168
59698
22942
61512
42635
22571
25989
33283
45236
35622
43804
92598
11912
49100
59626
45498
97812
78616
73031
15124
47243
59947
7238
45868
49950
45755
71526
71043
43538
42092
89953
21265
8095
43858
33105
63950
67110
26390
34977
99370
42057
76518
87422
26200
77302
61117
43923
29626
50498
90946
70356
50005
58992
3112
35026
35349
65644
95819
38159
80516
47305
55102
30015
5653
85991
95050
99247
5189
2041
55448
45468
87450
75672
18559
47697
39796
84458
32479
5728
46295
42090
20332
16760
77685
89441
61258
62580
90720
21074
50049
79995
21982
33588
85655
36278
40641
17231
33579
63802
60946
27289
61898
19144
56311
67386
55737
21101
79907
97266
30070
6739
76592
21963
22046
73948
73856
53230
32003
25822
46905
54162
55844
88230
21869
98264
5750
36334
27187
79444
63393
82962
28255
14884
10067
53719
32082
24661
23250
73378
36910
82621
30635
28987
66597
43640
96262
30670
43636
32027
45656
81723
58071
78731
16326
73420
30092
18938
37197
10219
75517
69632
30205
90838
37650
80215
50369
16228
40164
74838
5322
82174
86702
26170
67746
90715
43867
10847
35430
11558
25047
16012
11555
75699
28196
22000
55137
71972
6475
23759
66835
69423
46386
19131
30057
25504
69801
29451
92048
74929
17009
51087
70373
40463
3466
8284
47586
14618
14241
12361
88549
83679
7952
88531
29749
55782
62776
66668
90688
41093
55719
22274
21203
98421
5905
10795
35179
23376
20738
14749
84627
32074
79876
52218
93829
78461
68267
81793
71691
45586
5498
54943
69441
45068
88103
35570
61867
92905
88448
38212
46336
58055
48890
66204
37841
82277
23364
94464
51033
62730
66746
47617
7693
73016
71281
96328
91487
