807 683
739
672
558
570
610
105
599
161
347
681
830
438
857
591
830
269
759
327
65
704
238
760
180
107
555
411
98
763
590
314
516
359
917
168
76
766
977
778
625
48
834
321
899
836
949
108
567
988
458
96
955
817
358
975
882
464
700
179
457
948
748
888
806
896
691
906
993
952
906
495
876
700
833
796
146
966
305
686
889
138
194
120
596
73
296
707
410
90
665
388
987
662
774
135
853
185
894
636
650
341
163
248
601
229
242
479
500
884
460
180
544
584
124
792
987
48
347
738
465
773
458
449
579
907
173
759
850
518
19
625
438
61
622
349
393
999
931
155
67
832
298
958
783
487
524
436
585
261
799
983
636
387
174
932
593
918
658
347
946
949
997
728
642
726
238
213
772
833
993
205
382
236
878
628
634
833
793
535
858
556
914
143
313
907
466
826
766
921
952
192
298
64
385
541
454
650
173
179
788
544
568
209
127
353
632
735
70
658
668
265
344
672
182
261
766
751
451
292
965
346
370
714
772
875
989
738
200
134
878
346
346
715
670
973
113
674
398
190
286
942
278
588
948
980
952
966
142
119
954
70
348
842
908
143
309
4
671
884
870
42
679
467
819
761
172
836
446
225
520
247
381
213
528
944
11
228
538
31
667
14
478
176
988
915
49
263
589
538
254
357
834
980
90
290
777
304
950
83
737
405
426
788
942
537
233
950
978
658
572
840
698
531
76
536
373
930
601
831
951
649
45
391
69
997
225
936
33
89
337
553
976
364
86
862
738
700
772
439
977
848
943
660
837
616
76
550
840
729
341
522
499
745
484
242
484
819
335
618
591
90
530
610
439
887
500
745
337
429
806
487
180
263
117
92
807
728
448
343
217
275
988
911
702
973
865
798
588
305
388
643
312
808
168
552
510
524
218
768
146
333
269
395
49
511
718
90
954
973
323
498
352
890
396
937
582
103
602
674
615
790
272
641
15
460
891
649
32
580
751
336
553
99
413
13
938
900
565
881
665
812
187
959
543
272
129
545
749
356
717
75
162
817
872
745
72
859
575
530
688
900
490
605
341
957
5
409
701
129
737
794
876
83
233
234
950
998
576
904
516
316
150
510
223
274
278
148
970
122
701
3
416
364
79
534
422
408
478
748
5
849
28
10
976
182
572
851
74
349
773
122
191
894
24
616
260
82
100
793
892
840
527
283
296
690
406
852
675
298
180
548
726
253
537
576
208
373
510
972
839
37
324
967
11
331
643
456
79
12
73
423
818
888
449
775
93
683
88
755
924
523
861
706
560
817
770
198
240
307
344
307
618
964
607
920
881
921
212
549
933
307
646
815
676
343
972
271
136
489
159
244
754
328
714
524
286
422
946
958
296
696
233
40
203
765
37
611
38
959
453
585
59
675
367
599
76
894
327
659
964
317
791
300
26
932
874
535
402
542
109
601
297
43
539
357
907
100
515
599
818
111
662
660
687
619
931
702
380
241
632
450
476
595
759
110
506
867
461
147
942
156
447
335
584
378
583
780
745
281
732
636
622
315
1000
232
51
194
887
301
490
347
768
605
554
875
709
95
842
756
408
915
999
640
204
875
640
100
403
397
929
838
611
46
636
867
583
312
941
220
250
281
479
169
327
468
910
180
500
480
921
436
803
903
16
563
360
734
452
953
290
682
625
124
302
397
931
935
566
794
155
963
942
747
593
937
56
557
261
698
503
201
832
798
946
804
504
654
860
838
924
583
42
205
917
846
490
38
326
45
695
494
780
592
564
210
498
218
728
183
355
266
46
698
383
209
122
531
682
487
564
475
984
197
633
818
943
508
219
169
940
700
625
585
226
161
844
892
857
