710 386
482
514
725
471
767
744
898
192
781
969
372
621
692
400
293
647
767
880
98
804
76
141
694
883
403
366
827
947
644
42
368
477
382
387
517
105
960
165
212
497
270
672
22
687
786
967
663
347
910
892
83
479
402
259
635
895
975
540
641
184
824
737
112
705
139
536
351
881
617
422
162
555
592
297
137
715
945
780
923
111
219
210
208
614
588
8
160
897
197
565
343
163
132
159
41
848
275
746
597
366
810
753
680
635
278
412
679
509
32
156
28
114
632
184
301
417
624
312
652
726
227
483
623
512
771
24
12
712
862
43
467
850
164
473
72
937
65
542
755
94
342
610
113
870
90
152
101
188
982
618
955
594
304
453
366
923
266
74
518
908
912
527
503
336
158
504
851
397
713
237
882
290
651
115
563
857
585
323
919
420
315
892
380
514
768
32
92
506
828
20
714
147
488
183
259
45
773
70
935
180
895
547
318
790
688
912
844
539
236
926
350
990
546
570
252
44
160
820
92
206
265
645
735
500
786
895
209
373
214
63
441
466
384
671
312
136
791
963
392
125
64
492
899
857
140
54
258
722
339
653
907
503
44
220
186
520
169
171
129
746
972
430
410
320
988
267
145
903
89
946
221
436
419
373
529
523
97
377
532
916
576
366
591
511
454
27
822
939
924
529
330
944
420
516
637
465
688
999
656
858
241
232
269
154
338
67
531
601
801
785
477
169
355
702
370
356
640
869
340
120
430
512
245
858
985
601
287
732
205
448
77
295
427
458
984
846
474
972
946
868
46
170
840
410
659
362
96
798
131
372
933
442
118
824
519
157
282
618
405
162
853
610
539
802
447
476
541
438
193
160
548
928
240
585
73
784
54
325
101
422
825
579
786
464
739
331
933
903
320
882
282
627
899
803
853
499
512
243
620
796
198
596
585
344
366
16
877
519
44
290
48
17
50
898
893
216
921
792
172
511
793
648
528
514
416
648
746
324
473
896
474
96
227
375
205
282
314
172
671
868
406
878
698
326
891
621
834
534
749
145
387
121
714
721
960
802
696
384
384
759
374
458
190
403
654
797
505
594
518
920
820
17
259
800
81
296
131
643
777
375
1
458
98
278
383
694
887
346
278
141
488
894
585
906
657
252
457
212
494
600
921
185
289
545
604
490
64
79
579
379
424
402
13
145
96
851
611
151
585
205
21
923
733
730
136
648
473
575
128
545
527
251
554
209
144
637
881
104
381
798
259
817
207
174
24
822
113
281
442
293
536
698
769
685
310
479
806
451
242
761
964
71
253
97
880
656
190
118
194
111
35
964
190
769
870
40
882
9
686
49
472
153
102
680
292
522
775
442
880
414
447
345
245
448
315
335
969
353
123
584
898
194
30
185
517
697
806
772
360
879
1000
456
586
744
400
397
743
617
808
927
311
971
964
214
662
431
81
908
829
291
853
673
858
407
311
943
263
908
155
161
363
563
796
44
340
524
915
721
703
181
274
618
32
717
205
520
706
537
740
316
11
220
573
143
235
677
790
237
360
1000
864
736
853
982
728
418
531
872
140
668
922
263
255
60
312
823
853
649
607
748
583
696
29
402
615
264
343
899
79
959
944
853
589
784
56
557
986
601
590
10
