545 377
462
540
914
117
988
944
801
346
679
231
192
734
735
341
708
618
779
214
596
231
626
567
916
784
927
328
73
376
482
559
413
68
453
730
493
620
277
928
545
96
468
284
152
906
772
872
329
832
906
949
628
544
154
582
512
127
36
692
401
642
871
718
235
651
641
376
738
352
913
709
258
624
82
980
320
773
972
289
491
153
57
564
775
990
113
420
92
464
953
229
406
467
554
139
991
912
91
745
868
473
736
634
383
841
258
246
278
237
532
814
800
199
886
940
179
444
729
818
13
112
91
58
371
924
789
133
968
438
984
340
955
687
281
849
825
544
822
940
553
952
960
836
999
282
738
749
302
789
357
449
724
632
461
635
556
653
385
940
384
310
368
758
581
778
815
335
541
832
185
542
162
449
737
46
113
237
282
554
678
651
223
807
544
629
244
571
297
630
486
362
66
988
768
119
172
361
277
771
421
548
280
650
996
1
155
411
377
305
572
122
184
75
80
344
694
940
901
308
103
557
393
95
847
527
567
479
236
637
875
996
642
280
534
794
187
711
505
150
613
342
449
506
440
54
548
718
974
644
145
374
808
400
672
82
140
819
151
770
339
627
151
751
867
908
770
601
437
411
957
303
347
354
552
850
342
52
276
709
80
312
2
494
658
210
248
929
555
501
154
865
224
693
777
312
771
408
480
606
538
706
616
37
297
262
495
904
559
682
339
449
136
387
124
870
39
705
113
395
353
681
822
924
279
214
83
662
870
869
115
783
389
111
708
219
983
218
631
508
870
555
251
521
105
501
438
964
701
974
739
882
38
437
773
40
774
434
135
63
48
637
769
160
918
811
785
638
472
231
734
438
872
317
733
370
99
79
756
966
20
160
340
37
764
371
927
975
245
359
410
265
917
203
768
539
728
52
317
513
44
956
318
629
312
169
471
243
965
462
786
958
453
469
761
526
266
187
867
18
58
124
994
72
194
323
402
270
600
62
169
645
387
608
620
241
280
470
130
581
961
889
695
932
633
21
228
970
501
451
56
647
812
75
542
55
134
83
520
773
441
287
994
703
974
144
630
605
5
309
284
516
989
914
560
343
79
42
923
420
32
396
782
984
475
161
834
812
553
337
603
851
687
874
312
646
650
101
385
288
594
588
643
162
55
559
352
932
728
390
982
902
75
581
973
718
208
462
375
999
656
672
931
619
853
74
99
491
332
96
396
699
506
546
933
735
591
832
585
227
315
504
122
163
755
621
486
